   0.0   25.0  380.0    0.6338    0.8002    2.8235    0.4002   -0.8655   -0.8655   -0.8655    0.0020    2.0215
  10.0   25.0  380.0    0.6338    0.8002    1.4379    0.4002   -0.1936   -0.8655   -0.2079    0.0020    2.0215
  20.0   25.0  380.0    0.6338    0.8011    0.8960    2.2194    0.3116   -0.8655    0.2975    0.0121    2.0215
  30.0   25.0  380.0    0.6338    0.8021    0.8507    3.9874    0.8618   -0.8655    0.8432    0.0240    2.0215
  40.0   25.0  380.0    0.6338    0.8033    0.8415    5.6091    1.4189   -0.8655    1.3947    0.0376    2.0215
  50.0   25.0  380.0    0.6338    0.8043    0.8309    6.7161    1.9633   -0.8655    1.9306    0.0490    2.0215
  60.0   25.0  380.0    0.6338    0.8053    0.8254    7.6682    2.5035   -0.8655    2.4610    0.0607    2.0215
  70.0   25.0  380.0    0.6338    0.8062    0.8200    8.4157    3.0340   -0.8655    2.9796    0.0716    2.0215
  80.0   25.0  380.0    0.6338    0.8072    0.8174    9.0875    3.5599   -0.8655    3.4920    0.0831    2.0215
  90.0   25.0  380.0    0.6338    0.8081    0.8146    9.6341    4.0755   -0.8655    3.9919    0.0939    2.0215
 100.0   25.0  380.0    0.6338    0.8091    0.8152   10.1808    4.5896   -0.8655    4.4889    0.1064    2.0215
 110.0   25.0  380.0    0.6338    0.8100    0.8134   10.5849    5.0872   -0.8655    4.9661    0.1170    2.0215
 120.0   25.0  380.0    0.6338    0.8109    0.8135   10.9792    5.5793   -0.8655    5.4360    0.1288    2.0215
 130.0   25.0  380.0    0.6338    0.8118    0.8128   11.2967    6.0566   -0.8655    5.8879    0.1395    2.0215
 140.0   25.0  380.0    0.6338    0.8126    0.8121   11.5743    6.5213   -0.8655    6.3243    0.1498    2.0215
 150.0   25.0  380.0    0.6338    0.8136    0.8136   11.8656    6.9804   -0.8655    6.7534    0.1620    2.0215
 160.0   25.0  380.0    0.6338    0.8144    0.8138   12.0941    7.4205   -0.8655    7.1595    0.1725    2.0215
 170.0   25.0  380.0    0.6338    0.8152    0.8140   12.2967    7.8455   -0.8655    7.5474    0.1828    2.0215
 180.0   25.0  380.0    0.6338    0.8160    0.8145   12.4790    8.2550   -0.8655    7.9169    0.1929    2.0215
 190.0   25.0  380.0    0.6338    0.8167    0.8145   12.6326    8.6459   -0.8655    8.2643    0.2021    2.0215
 200.0   25.0  380.0    0.6338    0.8175    0.8163   12.8035    9.0274   -0.8655    8.6009    0.2132    2.0215
 210.0   25.0  380.0    0.6338    0.8182    0.8172   12.9390    9.3866   -0.8655    8.9118    0.2227    2.0215
 220.0   25.0  380.0    0.6338    0.8188    0.8175   13.0488    9.7243   -0.8655    9.1983    0.2309    2.0215
 230.0   25.0  380.0    0.6338    0.8194    0.8179   13.1492   10.0441   -0.8655    9.4648    0.2388    2.0215
 240.0   25.0  380.0    0.6338    0.8201    0.8195   13.2616   10.3518   -0.8655    9.7193    0.2483    2.0215
 250.0   25.0  380.0    0.6338    0.8207    0.8209   13.3577   10.6395   -0.8655    9.9523    0.2569    2.0215
 260.0   25.0  380.0    0.6338    0.8212    0.8216   13.4328   10.9054   -0.8655   10.1619    0.2639    2.0215
 270.0   25.0  380.0    0.6338    0.8218    0.8227   13.5090   11.1565   -0.8655   10.3572    0.2714    2.0215
 280.0   25.0  380.0    0.6338    0.8222    0.8231   13.5646   11.3861   -0.8655   10.5302    0.2772    2.0215
 290.0   25.0  380.0    0.6338    0.8226    0.8238   13.6208   11.6017   -0.8655   10.6903    0.2831    2.0215
 300.0   25.0  380.0    0.6338    0.8230    0.8245   13.6708   11.8016   -0.8655   10.8357    0.2886    2.0215
 310.0   25.0  380.0    0.6338    0.8235    0.8261   13.7327   11.9932   -0.8655   10.9759    0.2957    2.0215
 320.0   25.0  380.0    0.6338    0.8238    0.8267   13.7722   12.1648   -0.8655   11.0957    0.3004    2.0215
 330.0   25.0  380.0    0.6338    0.8241    0.8272   13.8084   12.3239   -0.8655   11.2047    0.3048    2.0215
 340.0   25.0  380.0    0.6338    0.8244    0.8279   13.8432   12.4720   -0.8655   11.3049    0.3092    2.0215
 350.0   25.0  380.0    0.6338    0.8246    0.8280   13.8664   12.6060   -0.8655   11.3917    0.3121    2.0215
 360.0   25.0  380.0    0.6338    0.8249    0.8286   13.8947   12.7331   -0.8655   11.4747    0.3158    2.0215
 370.0   25.0  380.0    0.6338    0.8251    0.8291   13.9203   12.8510   -0.8655   11.5502    0.3192    2.0215
 380.0   25.0  380.0    0.6338    0.8253    0.8295   13.9435   12.9603   -0.8655   11.6191    0.3223    2.0215
 390.0   25.0  380.0    0.6338    0.8255    0.8299   13.9644   13.0618   -0.8655   11.6821    0.3251    2.0215
 400.0   25.0  380.0    0.6338    0.8257    0.8303   13.9835   13.1562   -0.8655   11.7398    0.3278    2.0215
 410.0   25.0  380.0    0.6338    0.8259    0.8307   14.0009   13.2441   -0.8655   11.7928    0.3302    2.0215
 420.0   25.0  380.0    0.6338    0.8260    0.8310   14.0168   13.3261   -0.8655   11.8415    0.3325    2.0215
 430.0   25.0  380.0    0.6338    0.8262    0.8313   14.0313   13.4026   -0.8655   11.8864    0.3346    2.0215
 440.0   25.0  380.0    0.6338    0.8264    0.8324   14.0583   13.4802   -0.8655   11.9359    0.3385    2.0215
 450.0   25.0  380.0    0.6338    0.8265    0.8326   14.0705   13.5472   -0.8655   11.9742    0.3404    2.0215
 460.0   25.0  380.0    0.6338    0.8267    0.8329   14.0817   13.6099   -0.8655   12.0098    0.3420    2.0215
 470.0   25.0  380.0    0.6338    0.8268    0.8331   14.0922   13.6688   -0.8655   12.0427    0.3436    2.0215
 480.0   25.0  380.0    0.6338    0.8269    0.8333   14.1018   13.7242   -0.8655   12.0734    0.3451    2.0215
 490.0   25.0  380.0    0.6338    0.8270    0.8335   14.1108   13.7763   -0.8655   12.1020    0.3465    2.0215
 500.0   25.0  380.0    0.6338    0.8270    0.8337   14.1191   13.8254   -0.8655   12.1287    0.3478    2.0215
 510.0   25.0  380.0    0.6338    0.8271    0.8338   14.1269   13.8717   -0.8655   12.1537    0.3490    2.0215
 520.0   25.0  380.0    0.6338    0.8272    0.8340   14.1342   13.9155   -0.8655   12.1771    0.3501    2.0215
 530.0   25.0  380.0    0.6338    0.8273    0.8341   14.1410   13.9570   -0.8655   12.1991    0.3512    2.0215
 540.0   25.0  380.0    0.6338    0.8273    0.8343   14.1474   13.9962   -0.8655   12.2197    0.3522    2.0215
 550.0   25.0  380.0    0.6338    0.8274    0.8344   14.1534   14.0334   -0.8655   12.2392    0.3532    2.0215
 560.0   25.0  380.0    0.6338    0.8275    0.8345   14.1591   14.0687   -0.8655   12.2575    0.3541    2.0215
 570.0   25.0  380.0    0.6338    0.8275    0.8347   14.1644   14.1023   -0.8655   12.2748    0.3549    2.0215
 580.0   25.0  380.0    0.6338    0.8276    0.8348   14.1694   14.1342   -0.8655   12.2911    0.3557    2.0215
 590.0   25.0  380.0    0.6338    0.8276    0.8349   14.1742   14.1646   -0.8655   12.3066    0.3565    2.0215
 600.0   25.0  380.0    0.6338    0.8277    0.8350   14.1787   14.1936   -0.8655   12.3212    0.3572    2.0215
 610.0   25.0  380.0    0.6338    0.8277    0.8351   14.1829   14.2213   -0.8655   12.3351    0.3579    2.0215
 620.0   25.0  380.0    0.6338    0.8278    0.8352   14.1870   14.2477   -0.8655   12.3484    0.3586    2.0215
 630.0   25.0  380.0    0.6338    0.8278    0.8352   14.1908   14.2729   -0.8655   12.3609    0.3592    2.0215
 640.0   25.0  380.0    0.6338    0.8278    0.8353   14.1944   14.2971   -0.8655   12.3729    0.3598    2.0215
 650.0   25.0  380.0    0.6338    0.8279    0.8354   14.1979   14.3202   -0.8655   12.3843    0.3604    2.0215
 660.0   25.0  380.0    0.6338    0.8279    0.8355   14.2012   14.3424   -0.8655   12.3951    0.3609    2.0215
 670.0   25.0  380.0    0.6338    0.8280    0.8356   14.2043   14.3637   -0.8655   12.4055    0.3614    2.0215
 680.0   25.0  380.0    0.6338    0.8280    0.8356   14.2074   14.3841   -0.8655   12.4154    0.3619    2.0215
 690.0   25.0  380.0    0.6338    0.8280    0.8357   14.2102   14.4037   -0.8655   12.4249    0.3624    2.0215
 700.0   25.0  380.0    0.6338    0.8281    0.8357   14.2130   14.4225   -0.8655   12.4340    0.3629    2.0215
 710.0   25.0  380.0    0.6338    0.8281    0.8358   14.2156   14.4406   -0.8655   12.4427    0.3633    2.0215
 720.0   25.0  380.0    0.6338    0.8281    0.8359   14.2181   14.4581   -0.8655   12.4510    0.3637    2.0215
 730.0   25.0  380.0    0.6338    0.8281    0.8359   14.2205   14.4749   -0.8655   12.4590    0.3642    2.0215
 740.0   25.0  380.0    0.6338    0.8282    0.8360   14.2228   14.4911   -0.8655   12.4667    0.3645    2.0215
 750.0   25.0  380.0    0.6338    0.8282    0.8360   14.2251   14.5067   -0.8655   12.4741    0.3649    2.0215
 760.0   25.0  380.0    0.6338    0.8282    0.8361   14.2272   14.5218   -0.8655   12.4812    0.3653    2.0215
 770.0   25.0  380.0    0.6338    0.8282    0.8361   14.2293   14.5363   -0.8655   12.4881    0.3656    2.0215
 780.0   25.0  380.0    0.6338    0.8283    0.8362   14.2312   14.5504   -0.8655   12.4947    0.3660    2.0215
 790.0   25.0  380.0    0.6338    0.8283    0.8362   14.2331   14.5640   -0.8655   12.5010    0.3663    2.0215
 800.0   25.0  380.0    0.6338    0.8283    0.8363   14.2350   14.5771   -0.8655   12.5071    0.3666    2.0215
 810.0   25.0  380.0    0.6338    0.8283    0.8363   14.2367   14.5898   -0.8655   12.5130    0.3669    2.0215
 820.0   25.0  380.0    0.6338    0.8283    0.8363   14.2385   14.6021   -0.8655   12.5188    0.3672    2.0215
 830.0   25.0  380.0    0.6338    0.8284    0.8364   14.2401   14.6140   -0.8655   12.5243    0.3675    2.0215
 840.0   25.0  380.0    0.6338    0.8284    0.8364   14.2417   14.6256   -0.8655   12.5296    0.3677    2.0215
 850.0   25.0  380.0    0.6338    0.8284    0.8364   14.2432   14.6368   -0.8655   12.5347    0.3680    2.0215
 860.0   25.0  380.0    0.6338    0.8284    0.8365   14.2447   14.6477   -0.8655   12.5397    0.3683    2.0215
 870.0   25.0  380.0    0.6338    0.8284    0.8365   14.2462   14.6582   -0.8655   12.5446    0.3685    2.0215
 880.0   25.0  380.0    0.6338    0.8284    0.8365   14.2476   14.6684   -0.8655   12.5492    0.3688    2.0215
 890.0   25.0  380.0    0.6338    0.8285    0.8366   14.2489   14.6784   -0.8655   12.5538    0.3690    2.0215
 900.0   25.0  380.0    0.6338    0.8285    0.8366   14.2502   14.6880   -0.8655   12.5581    0.3692    2.0215
 910.0   25.0  380.0    0.6338    0.8285    0.8366   14.2515   14.6974   -0.8655   12.5624    0.3694    2.0215
 920.0   25.0  380.0    0.6338    0.8285    0.8367   14.2527   14.7065   -0.8655   12.5665    0.3696    2.0215
 930.0   25.0  380.0    0.6338    0.8285    0.8367   14.2539   14.7154   -0.8655   12.5705    0.3698    2.0215
 940.0   25.0  380.0    0.6338    0.8285    0.8367   14.2551   14.7240   -0.8655   12.5744    0.3701    2.0215
 950.0   25.0  380.0    0.6338    0.8285    0.8367   14.2562   14.7324   -0.8655   12.5782    0.3702    2.0215
 960.0   25.0  380.0    0.6338    0.8286    0.8368   14.2573   14.7406   -0.8655   12.5819    0.3704    2.0215
 970.0   25.0  380.0    0.6338    0.8286    0.8368   14.2583   14.7486   -0.8655   12.5855    0.3706    2.0215
 980.0   25.0  380.0    0.6338    0.8286    0.8368   14.2594   14.7563   -0.8655   12.5889    0.3708    2.0215
 990.0   25.0  380.0    0.6338    0.8286    0.8368   14.2604   14.7639   -0.8655   12.5923    0.3710    2.0215
1000.0   25.0  380.0    0.6338    0.8286    0.8369   14.2613   14.7713   -0.8655   12.5956    0.3711    2.0215
1010.0   25.0  380.0    0.6338    0.8286    0.8369   14.2623   14.7785   -0.8655   12.5988    0.3713    2.0215
1020.0   25.0  380.0    0.6338    0.8286    0.8369   14.2632   14.7855   -0.8655   12.6019    0.3715    2.0215
1030.0   25.0  380.0    0.6338    0.8286    0.8369   14.2641   14.7923   -0.8655   12.6050    0.3716    2.0215
1040.0   25.0  380.0    0.6338    0.8286    0.8369   14.2650   14.7990   -0.8655   12.6080    0.3718    2.0215
1050.0   25.0  380.0    0.6338    0.8287    0.8370   14.2658   14.8056   -0.8655   12.6108    0.3719    2.0215
1060.0   25.0  380.0    0.6338    0.8287    0.8370   14.2667   14.8119   -0.8655   12.6137    0.3721    2.0215
1070.0   25.0  380.0    0.6338    0.8287    0.8370   14.2675   14.8182   -0.8655   12.6164    0.3722    2.0215
1080.0   25.0  380.0    0.6338    0.8287    0.8370   14.2683   14.8242   -0.8655   12.6191    0.3724    2.0215
1090.0   25.0  380.0    0.6338    0.8287    0.8370   14.2690   14.8302   -0.8655   12.6217    0.3725    2.0215
1100.0   25.0  380.0    0.6338    0.8287    0.8371   14.2698   14.8360   -0.8655   12.6243    0.3726    2.0215
1110.0   25.0  380.0    0.6338    0.8287    0.8371   14.2705   14.8417   -0.8655   12.6268    0.3728    2.0215
1120.0   25.0  380.0    0.6338    0.8287    0.8371   14.2713   14.8472   -0.8655   12.6292    0.3729    2.0215
1130.0   25.0  380.0    0.6338    0.8287    0.8371   14.2720   14.8527   -0.8655   12.6316    0.3730    2.0215
1140.0   25.0  380.0    0.6338    0.8287    0.8371   14.2726   14.8580   -0.8655   12.6339    0.3731    2.0215
1150.0   25.0  380.0    0.6338    0.8287    0.8371   14.2733   14.8632   -0.8655   12.6362    0.3732    2.0215
1160.0   25.0  380.0    0.6338    0.8287    0.8372   14.2740   14.8683   -0.8655   12.6384    0.3734    2.0215
1170.0   25.0  380.0    0.6338    0.8288    0.8372   14.2746   14.8733   -0.8655   12.6406    0.3735    2.0215
1180.0   25.0  380.0    0.6338    0.8288    0.8372   14.2752   14.8782   -0.8655   12.6427    0.3736    2.0215
1190.0   25.0  380.0    0.6338    0.8288    0.8372   14.2759   14.8830   -0.8655   12.6448    0.3737    2.0215
1200.0   25.0  380.0    0.6338    0.8288    0.8372   14.2765   14.8877   -0.8655   12.6469    0.3738    2.0215
1210.0   25.0  380.0    0.6338    0.8288    0.8372   14.2770   14.8923   -0.8655   12.6489    0.3739    2.0215
1220.0   25.0  380.0    0.6338    0.8288    0.8372   14.2776   14.8968   -0.8655   12.6508    0.3740    2.0215
1230.0   25.0  380.0    0.6338    0.8288    0.8373   14.2782   14.9012   -0.8655   12.6527    0.3741    2.0215
1240.0   25.0  380.0    0.6338    0.8288    0.8373   14.2787   14.9056   -0.8655   12.6546    0.3742    2.0215
1250.0   25.0  380.0    0.6338    0.8288    0.8373   14.2793   14.9098   -0.8655   12.6565    0.3743    2.0215
1260.0   25.0  380.0    0.6338    0.8288    0.8373   14.2798   14.9140   -0.8655   12.6583    0.3744    2.0215
1270.0   25.0  380.0    0.6338    0.8288    0.8373   14.2803   14.9181   -0.8655   12.6600    0.3745    2.0215
1280.0   25.0  380.0    0.6338    0.8288    0.8373   14.2808   14.9221   -0.8655   12.6618    0.3746    2.0215
1290.0   25.0  380.0    0.6338    0.8288    0.8373   14.2813   14.9261   -0.8655   12.6635    0.3747    2.0215
1300.0   25.0  380.0    0.6338    0.8288    0.8373   14.2818   14.9299   -0.8655   12.6651    0.3747    2.0215
1310.0   25.0  380.0    0.6338    0.8288    0.8374   14.2823   14.9338   -0.8655   12.6668    0.3748    2.0215
1320.0   25.0  380.0    0.6338    0.8288    0.8374   14.2828   14.9375   -0.8655   12.6684    0.3749    2.0215
1330.0   25.0  380.0    0.6338    0.8289    0.8374   14.2832   14.9411   -0.8655   12.6699    0.3750    2.0215
1340.0   25.0  380.0    0.6338    0.8289    0.8374   14.2837   14.9448   -0.8655   12.6715    0.3751    2.0215
1350.0   25.0  380.0    0.6338    0.8289    0.8374   14.2841   14.9483   -0.8655   12.6730    0.3751    2.0215
1360.0   25.0  380.0    0.6338    0.8289    0.8374   14.2846   14.9518   -0.8655   12.6745    0.3752    2.0215
1370.0   25.0  380.0    0.6338    0.8289    0.8374   14.2850   14.9552   -0.8655   12.6759    0.3753    2.0215
1380.0   25.0  380.0    0.6338    0.8289    0.8374   14.2854   14.9585   -0.8655   12.6774    0.3754    2.0215
1390.0   25.0  380.0    0.6338    0.8289    0.8374   14.2858   14.9618   -0.8655   12.6788    0.3755    2.0215
1400.0   25.0  380.0    0.6338    0.8289    0.8374   14.2862   14.9651   -0.8655   12.6802    0.3755    2.0215
1410.0   25.0  380.0    0.6338    0.8289    0.8375   14.2866   14.9683   -0.8655   12.6815    0.3756    2.0215
1420.0   25.0  380.0    0.6338    0.8289    0.8375   14.2870   14.9714   -0.8655   12.6829    0.3757    2.0215
1430.0   25.0  380.0    0.6338    0.8289    0.8375   14.2874   14.9745   -0.8655   12.6842    0.3757    2.0215
1440.0   25.0  380.0    0.6338    0.8289    0.8375   14.2878   14.9775   -0.8655   12.6855    0.3758    2.0215
1450.0   25.0  380.0    0.6338    0.8289    0.8375   14.2882   14.9805   -0.8655   12.6868    0.3759    2.0215
1460.0   25.0  380.0    0.6338    0.8289    0.8375   14.2885   14.9835   -0.8655   12.6880    0.3759    2.0215
1470.0   25.0  380.0    0.6338    0.8289    0.8375   14.2889   14.9864   -0.8655   12.6892    0.3760    2.0215
1480.0   25.0  380.0    0.6338    0.8289    0.8375   14.2892   14.9892   -0.8655   12.6904    0.3761    2.0215
1490.0   25.0  380.0    0.6338    0.8289    0.8375   14.2896   14.9920   -0.8655   12.6916    0.3761    2.0215
1500.0   25.0  380.0    0.6338    0.8289    0.8375   14.2899   14.9948   -0.8655   12.6928    0.3762    2.0215
1510.0   25.0  380.0    0.6338    0.8289    0.8375   14.2903   14.9975   -0.8655   12.6939    0.3762    2.0215
1520.0   25.0  380.0    0.6338    0.8289    0.8375   14.2906   15.0002   -0.8655   12.6951    0.3763    2.0215
1530.0   25.0  380.0    0.6338    0.8289    0.8376   14.2909   15.0028   -0.8655   12.6962    0.3764    2.0215
1540.0   25.0  380.0    0.6338    0.8289    0.8376   14.2912   15.0054   -0.8655   12.6973    0.3764    2.0215
1550.0   25.0  380.0    0.6338    0.8289    0.8376   14.2916   15.0080   -0.8655   12.6984    0.3765    2.0215
1560.0   25.0  380.0    0.6338    0.8290    0.8376   14.2919   15.0105   -0.8655   12.6994    0.3765    2.0215
1570.0   25.0  380.0    0.6338    0.8290    0.8376   14.2922   15.0130   -0.8655   12.7005    0.3766    2.0215
1580.0   25.0  380.0    0.6338    0.8290    0.8376   14.2925   15.0154   -0.8655   12.7015    0.3766    2.0215
1590.0   25.0  380.0    0.6338    0.8290    0.8376   14.2928   15.0178   -0.8655   12.7025    0.3767    2.0215
1600.0   25.0  380.0    0.6338    0.8290    0.8376   14.2931   15.0202   -0.8655   12.7035    0.3767    2.0215
1610.0   25.0  380.0    0.6338    0.8290    0.8376   14.2933   15.0225   -0.8655   12.7045    0.3768    2.0215
1620.0   25.0  380.0    0.6338    0.8290    0.8376   14.2936   15.0248   -0.8655   12.7055    0.3768    2.0215
1630.0   25.0  380.0    0.6338    0.8290    0.8376   14.2939   15.0271   -0.8655   12.7064    0.3769    2.0215
1640.0   25.0  380.0    0.6338    0.8290    0.8376   14.2942   15.0293   -0.8655   12.7074    0.3769    2.0215
1650.0   25.0  380.0    0.6338    0.8290    0.8376   14.2945   15.0316   -0.8655   12.7083    0.3770    2.0215
1660.0   25.0  380.0    0.6338    0.8290    0.8376   14.2947   15.0337   -0.8655   12.7092    0.3770    2.0215
1670.0   25.0  380.0    0.6338    0.8290    0.8377   14.2950   15.0359   -0.8655   12.7101    0.3771    2.0215
1680.0   25.0  380.0    0.6338    0.8290    0.8377   14.2952   15.0380   -0.8655   12.7110    0.3771    2.0215
1690.0   25.0  380.0    0.6338    0.8290    0.8377   14.2955   15.0401   -0.8655   12.7119    0.3772    2.0215
1700.0   25.0  380.0    0.6338    0.8290    0.8377   14.2957   15.0422   -0.8655   12.7128    0.3772    2.0215
1710.0   25.0  380.0    0.6338    0.8290    0.8377   14.2960   15.0442   -0.8655   12.7136    0.3773    2.0215
1720.0   25.0  380.0    0.6338    0.8290    0.8377   14.2962   15.0462   -0.8655   12.7145    0.3773    2.0215
1730.0   25.0  380.0    0.6338    0.8290    0.8377   14.2965   15.0482   -0.8655   12.7153    0.3774    2.0215
1740.0   25.0  380.0    0.6338    0.8290    0.8377   14.2967   15.0501   -0.8655   12.7161    0.3774    2.0215
1750.0   25.0  380.0    0.6338    0.8290    0.8377   14.2970   15.0521   -0.8655   12.7169    0.3774    2.0215
1760.0   25.0  380.0    0.6338    0.8290    0.8377   14.2972   15.0540   -0.8655   12.7177    0.3775    2.0215
1770.0   25.0  380.0    0.6338    0.8290    0.8377   14.2974   15.0559   -0.8655   12.7185    0.3775    2.0215
1780.0   25.0  380.0    0.6338    0.8290    0.8377   14.2976   15.0577   -0.8655   12.7193    0.3776    2.0215
1790.0   25.0  380.0    0.6338    0.8290    0.8377   14.2979   15.0596   -0.8655   12.7200    0.3776    2.0215
1800.0   25.0  380.0    0.6338    0.8290    0.8377   14.2981   15.0614   -0.8655   12.7208    0.3776    2.0215
1810.0   25.0  380.0    0.6338    0.8290    0.8377   14.2983   15.0632   -0.8655   12.7215    0.3777    2.0215
1820.0   25.0  380.0    0.6338    0.8290    0.8377   14.2985   15.0649   -0.8655   12.7223    0.3777    2.0215
1830.0   25.0  380.0    0.6338    0.8290    0.8377   14.2987   15.0667   -0.8655   12.7230    0.3778    2.0215
1840.0   25.0  380.0    0.6338    0.8290    0.8377   14.2989   15.0684   -0.8655   12.7237    0.3778    2.0215
1850.0   25.0  380.0    0.6338    0.8290    0.8378   14.2991   15.0701   -0.8655   12.7244    0.3778    2.0215
1860.0   25.0  380.0    0.6338    0.8290    0.8378   14.2993   15.0718   -0.8655   12.7251    0.3779    2.0215
1870.0   25.0  380.0    0.6338    0.8290    0.8378   14.2995   15.0734   -0.8655   12.7258    0.3779    2.0215
1880.0   25.0  380.0    0.6338    0.8290    0.8378   14.2997   15.0751   -0.8655   12.7265    0.3779    2.0215
1890.0   25.0  380.0    0.6338    0.8290    0.8378   14.2999   15.0767   -0.8655   12.7272    0.3780    2.0215
1900.0   25.0  380.0    0.6338    0.8291    0.8378   14.3001   15.0783   -0.8655   12.7278    0.3780    2.0215
1910.0   25.0  380.0    0.6338    0.8291    0.8378   14.3003   15.0799   -0.8655   12.7285    0.3780    2.0215
1920.0   25.0  380.0    0.6338    0.8291    0.8378   14.3005   15.0814   -0.8655   12.7292    0.3781    2.0215
1930.0   25.0  380.0    0.6338    0.8291    0.8378   14.3007   15.0830   -0.8655   12.7298    0.3781    2.0215
1940.0   25.0  380.0    0.6338    0.8291    0.8378   14.3009   15.0845   -0.8655   12.7304    0.3781    2.0215
1950.0   25.0  380.0    0.6338    0.8291    0.8378   14.3011   15.0860   -0.8655   12.7311    0.3782    2.0215
1960.0   25.0  380.0    0.6338    0.8291    0.8378   14.3012   15.0875   -0.8655   12.7317    0.3782    2.0215
1970.0   25.0  380.0    0.6338    0.8291    0.8378   14.3014   15.0890   -0.8655   12.7323    0.3782    2.0215
1980.0   25.0  380.0    0.6338    0.8291    0.8378   14.3016   15.0905   -0.8655   12.7329    0.3783    2.0215
1990.0   25.0  380.0    0.6338    0.8291    0.8378   14.3018   15.0919   -0.8655   12.7335    0.3783    2.0215
2000.0   25.0  380.0    0.6338    0.8291    0.8378   14.3019   15.0933   -0.8655   12.7341    0.3783    2.0215
