%  columns="iteration, evaluation, fitness, void, void, xrecentbest" (startseed=215607, 2022/07/22 14:37:54.08)
1 7  6.690079334942631739e+00 0 0 2.837159e+01 -8.695739e+01 
2 13  9.035367660733463424e+00 0 0 5.771051e+01 -6.776650e+01 
3 19  7.167249063024746292e+00 0 0 5.025441e+01 5.330019e+01 
4 25  5.039685681381198989e+00 0 0 1.952004e+01 -5.188609e+01 
5 31  9.677540610675642085e+00 0 0 6.325492e+01 -1.115650e+02 
6 37  7.807432726465181716e+00 0 0 4.169849e+01 -1.939826e+00 
7 43  6.482110017523868173e+00 0 0 2.732592e+01 4.214126e+01 
8 49  4.881037868055882356e+00 0 0 2.470176e+01 5.327973e+01 
9 55  4.755042380938133917e+00 0 0 2.624545e+01 5.901349e+01 
10 61  3.873464164725495262e+00 0 0 2.215528e+01 5.917334e+01 
11 67  6.545157060635223623e+00 0 0 2.762659e+01 1.218331e+01 
12 73  4.035508880187585135e+00 0 0 1.928241e+01 5.942643e+01 
13 79  3.736570343864317412e+00 0 0 2.042988e+01 5.842355e+01 
14 85  3.819376151854757317e+00 0 0 1.960614e+01 5.745921e+01 
15 91  3.841703867193404065e+00 0 0 2.124701e+01 5.525445e+01 
16 97  4.544070979484166273e+00 0 0 1.915375e+01 6.308859e+01 
17 103  3.986452170969956299e+00 0 0 1.940950e+01 5.922530e+01 
18 109  3.754893871210463807e+00 0 0 2.143654e+01 5.870184e+01 
19 115  3.746817150575716848e+00 0 0 1.993797e+01 5.704095e+01 
20 121  3.942062068849190748e+00 0 0 2.117275e+01 5.451661e+01 
21 127  3.729380920910595254e+00 0 0 2.154494e+01 5.774805e+01 
22 133  3.775006318199238375e+00 0 0 2.152483e+01 5.617501e+01 
23 139  3.691036891182661872e+00 0 0 2.089750e+01 5.724378e+01 
24 145  3.691357234385428843e+00 0 0 2.066323e+01 5.741847e+01 
25 151  3.692345213301245987e+00 0 0 2.066710e+01 5.714005e+01 
26 157  3.690826363777661712e+00 0 0 2.079397e+01 5.718239e+01 
27 163  3.690278695934472442e+00 0 0 2.084366e+01 5.726194e+01 
28 169  3.689769165343383950e+00 0 0 2.078578e+01 5.734062e+01 
29 175  3.689711223247934768e+00 0 0 2.082315e+01 5.737684e+01 
30 181  3.689703839936550711e+00 0 0 2.081971e+01 5.739841e+01 
31 187  3.689707133676902728e+00 0 0 2.082274e+01 5.738329e+01 
32 193  3.689710648482736222e+00 0 0 2.079444e+01 5.739503e+01 
33 199  3.689701555144347722e+00 0 0 2.080634e+01 5.736551e+01 
34 205  3.689701807218125129e+00 0 0 2.079902e+01 5.739466e+01 
35 211  3.689699164173955381e+00 0 0 2.081742e+01 5.739537e+01 
36 217  3.689691810144424267e+00 0 0 2.080871e+01 5.738066e+01 
37 223  3.689693290267221926e+00 0 0 2.080430e+01 5.737824e+01 
38 229  3.689692424456682662e+00 0 0 2.080606e+01 5.738944e+01 
39 235  3.689691839939742035e+00 0 0 2.080917e+01 5.738923e+01 
40 241  3.689691375334013035e+00 0 0 2.080723e+01 5.738394e+01 
41 247  3.689691324278305373e+00 0 0 2.080756e+01 5.738448e+01 
42 253  3.689691292622236052e+00 0 0 2.080797e+01 5.738478e+01 
43 259  3.689691294809362088e+00 0 0 2.080822e+01 5.738419e+01 
44 265  3.689691330818706927e+00 0 0 2.080751e+01 5.738439e+01 
45 271  3.689691288677529268e+00 0 0 2.080817e+01 5.738508e+01 
46 277  3.689691291116645733e+00 0 0 2.080859e+01 5.738477e+01 
47 283  3.689691286110780677e+00 0 0 2.080838e+01 5.738463e+01 
48 289  3.689691286348539379e+00 0 0 2.080842e+01 5.738497e+01 
49 295  3.689691285336223814e+00 0 0 2.080823e+01 5.738466e+01 
50 301  3.689691287679355725e+00 0 0 2.080842e+01 5.738457e+01 
51 307  3.689691284850323161e+00 0 0 2.080828e+01 5.738471e+01 
52 313  3.689691285702204393e+00 0 0 2.080837e+01 5.738466e+01 
53 319  3.689691284972518748e+00 0 0 2.080834e+01 5.738489e+01 
54 325  3.689691284694109452e+00 0 0 2.080828e+01 5.738482e+01 
55 331  3.689691284783182645e+00 0 0 2.080834e+01 5.738484e+01 
56 337  3.689691284769179180e+00 0 0 2.080834e+01 5.738477e+01 
57 343  3.689691284631719359e+00 0 0 2.080829e+01 5.738480e+01 
58 349  3.689691284671140270e+00 0 0 2.080832e+01 5.738480e+01 
59 355  3.689691284634849300e+00 0 0 2.080831e+01 5.738480e+01 
60 361  3.689691284633329182e+00 0 0 2.080830e+01 5.738481e+01 
61 367  3.689691284629881274e+00 0 0 2.080830e+01 5.738480e+01 
62 373  3.689691284631306800e+00 0 0 2.080829e+01 5.738479e+01 
63 379  3.689691284630278290e+00 0 0 2.080830e+01 5.738479e+01 
64 385  3.689691284630152168e+00 0 0 2.080830e+01 5.738479e+01 
65 391  3.689691284630935098e+00 0 0 2.080829e+01 5.738479e+01 
66 397  3.689691284629739609e+00 0 0 2.080830e+01 5.738479e+01 
67 403  3.689691284629855073e+00 0 0 2.080830e+01 5.738480e+01 
68 409  3.689691284629589063e+00 0 0 2.080830e+01 5.738480e+01 
69 415  3.689691284629662338e+00 0 0 2.080830e+01 5.738480e+01 
70 421  3.689691284629548651e+00 0 0 2.080830e+01 5.738480e+01 
71 427  3.689691284629551316e+00 0 0 2.080830e+01 5.738480e+01 
72 433  3.689691284629540213e+00 0 0 2.080830e+01 5.738479e+01 
73 439  3.689691284629545098e+00 0 0 2.080830e+01 5.738479e+01 
74 445  3.689691284629538437e+00 0 0 2.080830e+01 5.738479e+01 
75 451  3.689691284629543766e+00 0 0 2.080830e+01 5.738480e+01 
76 457  3.689691284629541101e+00 0 0 2.080830e+01 5.738479e+01 
77 463  3.689691284629539325e+00 0 0 2.080830e+01 5.738480e+01 
78 469  3.689691284629537993e+00 0 0 2.080830e+01 5.738479e+01 
79 475  3.689691284629539769e+00 0 0 2.080830e+01 5.738480e+01 
80 481  3.689691284629541101e+00 0 0 2.080830e+01 5.738480e+01 
81 487  3.689691284629541101e+00 0 0 2.080830e+01 5.738479e+01 
82 493  3.689691284629541546e+00 0 0 2.080830e+01 5.738479e+01 
83 499  3.689691284629537993e+00 0 0 2.080830e+01 5.738479e+01 
84 505  3.689691284629539769e+00 0 0 2.080830e+01 5.738479e+01 
85 511  3.689691284629539769e+00 0 0 2.080830e+01 5.738479e+01 
1 525  6.970420512986320816e+00 0 0 8.656474e+01 6.156217e+01 
2 537  7.521099268843627783e+00 0 0 4.289765e+01 6.433188e+01 
3 549  4.904144184549146246e+00 0 0 1.739347e+01 1.330460e+02 
4 561  6.312721110587792950e+00 0 0 1.567663e+01 1.535537e+02 
5 573  6.618080746819394733e+00 0 0 2.103120e+01 2.217220e+02 
6 585  5.118129989146328995e+00 0 0 1.700807e+01 1.864567e+02 
7 597  7.555982057370287386e+00 0 0 3.672671e+01 -1.867572e+02 
8 609  6.150720043777419654e+00 0 0 2.584448e+01 -1.787611e+02 
9 621  5.698398684334759601e+00 0 0 2.403691e+01 -2.601721e+01 
10 633  5.042787601541423470e+00 0 0 1.914414e+01 -1.445834e+02 
11 645  4.761265971940226827e+00 0 0 1.779935e+01 3.006727e+02 
12 657  3.867526139211895142e+00 0 0 2.222815e+01 5.890608e+01 
13 669  4.710464816616894090e+00 0 0 1.822008e+01 3.422420e+02 
14 681  4.714973184951329443e+00 0 0 1.809428e+01 2.191919e+02 
15 693  4.738303109796632384e+00 0 0 1.790872e+01 3.020329e+02 
16 705  4.737935158570086180e+00 0 0 1.791079e+01 1.829541e+02 
17 717  4.710847293864482310e+00 0 0 1.818266e+01 2.319858e+02 
18 729  4.719423683332931496e+00 0 0 1.804315e+01 2.753579e+02 
19 741  4.713797001423087885e+00 0 0 1.832619e+01 2.829082e+02 
20 753  4.744118853610682862e+00 0 0 1.856022e+01 2.491413e+02 
21 765  4.711324417605300852e+00 0 0 1.816453e+01 2.648840e+02 
22 777  4.715713453424934976e+00 0 0 1.808442e+01 2.340516e+02 
23 789  4.711131713677485955e+00 0 0 1.826695e+01 2.679366e+02 
24 801  4.711167051593649902e+00 0 0 1.816977e+01 2.452323e+02 
25 813  4.710483577895320018e+00 0 0 1.822710e+01 2.496163e+02 
26 825  4.710548051933796110e+00 0 0 1.823596e+01 2.376257e+02 
27 837  4.710508383870518401e+00 0 0 1.823129e+01 2.577364e+02 
28 849  4.710597173991179609e+00 0 0 1.824038e+01 2.578310e+02 
29 861  4.710489896244618890e+00 0 0 1.822835e+01 2.634814e+02 
30 873  4.710466010849529539e+00 0 0 1.821668e+01 2.585019e+02 
31 885  4.710464472888205911e+00 0 0 1.821902e+01 2.543192e+02 
32 897  4.710471953034046422e+00 0 0 1.821391e+01 2.499588e+02 
33 909  4.710464476941599976e+00 0 0 1.821911e+01 2.566873e+02 
34 921  4.710465350566246379e+00 0 0 1.822073e+01 2.551143e+02 
35 933  4.710464515294978227e+00 0 0 1.821937e+01 2.570281e+02 
36 945  4.710464472556057380e+00 0 0 1.821898e+01 2.551411e+02 
37 957  4.710464497149117413e+00 0 0 1.821869e+01 2.552387e+02 
38 969  4.710464477144552298e+00 0 0 1.821911e+01 2.569046e+02 
39 981  4.710464483330649266e+00 0 0 1.821918e+01 2.574913e+02 
40 993  4.710464531556972645e+00 0 0 1.821853e+01 2.577094e+02 
41 1005  4.710464473905858540e+00 0 0 1.821892e+01 2.574946e+02 
42 1017  4.710464485697899661e+00 0 0 1.821877e+01 2.578732e+02 
43 1029  4.710464473210235425e+00 0 0 1.821903e+01 2.582757e+02 
44 1041  4.710464473418650933e+00 0 0 1.821904e+01 2.564114e+02 
45 1053  4.710464472611070263e+00 0 0 1.821900e+01 2.573984e+02 
46 1065  4.710464473337990121e+00 0 0 1.821893e+01 2.574431e+02 
47 1077  4.710464472602388319e+00 0 0 1.821897e+01 2.568145e+02 
48 1089  4.710464472556846083e+00 0 0 1.821899e+01 2.567187e+02 
49 1101  4.710464472559749538e+00 0 0 1.821898e+01 2.567237e+02 
50 1113  4.710464472555802473e+00 0 0 1.821898e+01 2.558840e+02 
51 1125  4.710464472580715878e+00 0 0 1.821898e+01 2.557997e+02 
52 1137  4.710464472557166715e+00 0 0 1.821898e+01 2.559265e+02 
53 1149  4.710464472560138560e+00 0 0 1.821899e+01 2.558120e+02 
54 1161  4.710464472556179949e+00 0 0 1.821899e+01 2.557295e+02 
55 1173  4.710464472556631144e+00 0 0 1.821898e+01 2.555381e+02 
56 1185  4.710464472555028870e+00 0 0 1.821899e+01 2.558160e+02 
57 1197  4.710464472554227733e+00 0 0 1.821899e+01 2.561936e+02 
58 1209  4.710464472555409898e+00 0 0 1.821898e+01 2.563154e+02 
59 1221  4.710464472554326321e+00 0 0 1.821899e+01 2.556713e+02 
60 1233  4.710464472555234039e+00 0 0 1.821898e+01 2.557303e+02 
61 1245  4.710464472554504844e+00 0 0 1.821899e+01 2.553745e+02 
62 1257  4.710464472554458659e+00 0 0 1.821899e+01 2.553384e+02 
63 1269  4.710464472554853899e+00 0 0 1.821898e+01 2.552768e+02 
64 1281  4.710464472554225068e+00 0 0 1.821899e+01 2.551521e+02 
65 1293  4.710464472554282800e+00 0 0 1.821899e+01 2.558100e+02 
66 1305  4.710464472554222404e+00 0 0 1.821899e+01 2.556451e+02 
67 1317  4.710464472554228621e+00 0 0 1.821899e+01 2.553866e+02 
68 1329  4.710464472554224180e+00 0 0 1.821899e+01 2.555396e+02 
69 1341  4.710464472554220627e+00 0 0 1.821899e+01 2.556275e+02 
70 1353  4.710464472554221516e+00 0 0 1.821899e+01 2.555619e+02 
71 1365  4.710464472554222404e+00 0 0 1.821899e+01 2.555279e+02 
72 1377  4.710464472554220627e+00 0 0 1.821899e+01 2.555104e+02 
73 1389  4.710464472554223292e+00 0 0 1.821899e+01 2.554467e+02 
74 1401  4.710464472554222404e+00 0 0 1.821899e+01 2.555310e+02 
75 1413  4.710464472554220627e+00 0 0 1.821899e+01 2.555489e+02 
1 1439  4.715477311675003058e+00 0 0 1.808749e+01 1.177742e+02 
2 1463  4.397731209610101111e+00 0 0 9.565348e+01 7.065332e+01 
3 1487  5.346569733241083533e+00 0 0 1.756517e+01 -3.147786e+01 
4 1511  5.139130947223237378e+00 0 0 1.842465e+01 -2.934369e+01 
5 1535  5.039512453749941834e+00 0 0 1.944546e+01 3.798844e+01 
6 1559  5.709487697420000174e+00 0 0 1.675812e+01 -7.874073e+00 
7 1583  4.406502399651706092e+00 0 0 2.301128e+01 5.362137e+01 
8 1607  4.309942956515190104e+00 0 0 1.848157e+01 5.405821e+01 
9 1631  3.957135687186120521e+00 0 0 1.908390e+01 5.707432e+01 
10 1655  3.874542303002414645e+00 0 0 1.948122e+01 5.803374e+01 
11 1679  3.818682923142908692e+00 0 0 2.093653e+01 5.956623e+01 
12 1703  4.013209972444124141e+00 0 0 2.006475e+01 5.396490e+01 
13 1727  3.765341814736496318e+00 0 0 2.134382e+01 5.610841e+01 
14 1751  3.717203767548323601e+00 0 0 2.063815e+01 5.639264e+01 
15 1775  3.696870130599365201e+00 0 0 2.062174e+01 5.774091e+01 
16 1799  3.694326667310551926e+00 0 0 2.062513e+01 5.705640e+01 
17 1823  3.690524834334958815e+00 0 0 2.074415e+01 5.750518e+01 
18 1847  3.690244990650725754e+00 0 0 2.087439e+01 5.731077e+01 
19 1871  3.690343218409853687e+00 0 0 2.073543e+01 5.746267e+01 
20 1895  3.690218375031083742e+00 0 0 2.080738e+01 5.724834e+01 
21 1919  3.689697482729052513e+00 0 0 2.080525e+01 5.737003e+01 
22 1943  3.689711765515533148e+00 0 0 2.082397e+01 5.737909e+01 
23 1967  3.689691702195250222e+00 0 0 2.080956e+01 5.738186e+01 
24 1991  3.689691706507818747e+00 0 0 2.080835e+01 5.738866e+01 
25 2015  3.689693922325369968e+00 0 0 2.080225e+01 5.738363e+01 
26 2039  3.689692358175280962e+00 0 0 2.081039e+01 5.738019e+01 
27 2063  3.689691314833008828e+00 0 0 2.080805e+01 5.738377e+01 
28 2087  3.689691397736222012e+00 0 0 2.080716e+01 5.738533e+01 
29 2111  3.689691308837321326e+00 0 0 2.080780e+01 5.738513e+01 
30 2135  3.689691333764950620e+00 0 0 2.080882e+01 5.738391e+01 
31 2159  3.689691306834331996e+00 0 0 2.080806e+01 5.738553e+01 
32 2183  3.689691287712358658e+00 0 0 2.080831e+01 5.738447e+01 
33 2207  3.689691286077444232e+00 0 0 2.080816e+01 5.738468e+01 
34 2231  3.689691289374514849e+00 0 0 2.080825e+01 5.738518e+01 
35 2255  3.689691284696182905e+00 0 0 2.080833e+01 5.738481e+01 
36 2279  3.689691285227184814e+00 0 0 2.080827e+01 5.738493e+01 
37 2303  3.689691284749104572e+00 0 0 2.080833e+01 5.738485e+01 
38 2327  3.689691284691430706e+00 0 0 2.080833e+01 5.738480e+01 
39 2351  3.689691284640304936e+00 0 0 2.080831e+01 5.738481e+01 
40 2375  3.689691284635010060e+00 0 0 2.080829e+01 5.738478e+01 
41 2399  3.689691284633501933e+00 0 0 2.080830e+01 5.738481e+01 
42 2423  3.689691284632429902e+00 0 0 2.080829e+01 5.738479e+01 
43 2447  3.689691284630590484e+00 0 0 2.080830e+01 5.738480e+01 
44 2471  3.689691284630584711e+00 0 0 2.080830e+01 5.738479e+01 
45 2495  3.689691284629635692e+00 0 0 2.080830e+01 5.738480e+01 
46 2519  3.689691284629562862e+00 0 0 2.080830e+01 5.738479e+01 
47 2543  3.689691284629562862e+00 0 0 2.080830e+01 5.738479e+01 
48 2567  3.689691284629631252e+00 0 0 2.080830e+01 5.738479e+01 
49 2591  3.689691284629545986e+00 0 0 2.080830e+01 5.738479e+01 
50 2615  3.689691284629555312e+00 0 0 2.080830e+01 5.738480e+01 
51 2639  3.689691284629546875e+00 0 0 2.080830e+01 5.738479e+01 
52 2663  3.689691284629545098e+00 0 0 2.080830e+01 5.738479e+01 
53 2687  3.689691284629540213e+00 0 0 2.080830e+01 5.738479e+01 
54 2711  3.689691284629539769e+00 0 0 2.080830e+01 5.738480e+01 
55 2735  3.689691284629537993e+00 0 0 2.080830e+01 5.738479e+01 
56 2759  3.689691284629537549e+00 0 0 2.080830e+01 5.738479e+01 
57 2783  3.689691284629536216e+00 0 0 2.080830e+01 5.738479e+01 
1 2833  5.051426493416707686e+00 0 0 8.693421e+01 7.619419e+01 
2 2881  5.607175476470473541e+00 0 0 1.697071e+01 -1.198749e+02 
3 2929  4.721455226756974710e+00 0 0 1.802421e+01 2.382343e+02 
4 2977  3.877136368003990086e+00 0 0 2.247902e+01 5.863451e+01 
5 3025  4.577330038288888403e+00 0 0 2.275312e+01 5.268266e+01 
6 3073  4.717874951048663057e+00 0 0 1.837889e+01 2.069250e+02 
7 3121  4.234850465874655967e+00 0 0 2.396976e+01 5.968178e+01 
8 3169  3.734932856951848290e+00 0 0 2.114106e+01 5.862577e+01 
9 3217  4.710500446515496265e+00 0 0 1.823012e+01 9.732162e+01 
10 3265  4.190485645098891432e+00 0 0 1.989970e+01 6.153445e+01 
11 3313  3.863429675566175003e+00 0 0 1.941487e+01 5.629346e+01 
12 3361  4.036686830657163938e+00 0 0 1.920084e+01 5.919924e+01 
13 3409  4.058453486066643023e+00 0 0 1.882302e+01 5.752843e+01 
14 3457  4.710474712127381558e+00 0 0 1.821304e+01 1.320423e+02 
15 3505  4.479910176954836842e+00 0 0 1.809809e+01 5.928826e+01 
16 3553  4.505033520235450339e+00 0 0 1.813694e+01 5.353663e+01 
17 3601  4.622621652647893598e+00 0 0 1.792224e+01 6.012459e+01 
18 3649  4.434955441393099385e+00 0 0 1.821927e+01 5.949814e+01 
19 3697  4.387216573099901318e+00 0 0 1.808488e+01 5.749721e+01 
20 3745  4.383275423637743806e+00 0 0 1.806444e+01 5.693241e+01 
21 3793  4.389891827282874637e+00 0 0 1.821534e+01 5.433266e+01 
22 3841  4.403202344841389504e+00 0 0 1.823880e+01 5.921533e+01 
23 3889  4.370295501394935833e+00 0 0 1.820646e+01 5.848325e+01 
24 3937  4.445038091012938786e+00 0 0 1.816476e+01 5.928185e+01 
25 3985  4.318200619309621402e+00 0 0 1.826466e+01 5.803190e+01 
26 4033  4.399996466141533169e+00 0 0 1.821112e+01 5.898394e+01 
27 4081  4.336120645316111855e+00 0 0 1.818141e+01 5.745697e+01 
28 4129  4.321592353298217226e+00 0 0 1.820591e+01 5.556629e+01 
29 4177  4.355541326948046965e+00 0 0 1.821748e+01 5.474944e+01 
30 4225  4.315130185984942912e+00 0 0 1.821588e+01 5.733556e+01 
31 4273  4.310413732740047799e+00 0 0 1.820849e+01 5.696530e+01 
32 4321  4.311180956934215658e+00 0 0 1.819896e+01 5.639127e+01 
33 4369  4.309517062906544460e+00 0 0 1.821296e+01 5.703990e+01 
34 4417  4.299901060714609535e+00 0 0 1.823616e+01 5.712933e+01 
35 4465  4.287054785329464934e+00 0 0 1.825502e+01 5.604430e+01 
36 4513  4.291484285943157673e+00 0 0 1.824250e+01 5.616632e+01 
37 4561  4.289312403876255786e+00 0 0 1.824672e+01 5.679240e+01 
38 4609  4.284461773007096852e+00 0 0 1.825887e+01 5.688112e+01 
39 4657  4.267955319065557696e+00 0 0 1.830489e+01 5.718890e+01 
40 4705  4.229033317363449562e+00 0 0 1.837427e+01 5.623427e+01 
41 4753  4.164873557478405708e+00 0 0 1.853372e+01 5.592815e+01 
42 4801  4.087053381251405604e+00 0 0 1.871333e+01 5.629872e+01 
43 4849  3.917385903931131619e+00 0 0 1.925230e+01 5.756547e+01 
44 4897  3.717947892428228762e+00 0 0 2.053676e+01 5.641267e+01 
45 4945  3.699692724736473703e+00 0 0 2.054399e+01 5.689576e+01 
46 4993  3.695650844502749610e+00 0 0 2.108692e+01 5.734550e+01 
47 5041  3.690120138781617598e+00 0 0 2.078424e+01 5.749514e+01 
48 5089  3.689967601673092457e+00 0 0 2.081446e+01 5.748461e+01 
49 5137  3.689888189793274709e+00 0 0 2.083733e+01 5.732332e+01 
50 5185  3.689753017466675722e+00 0 0 2.081821e+01 5.734358e+01 
51 5233  3.689692929173198355e+00 0 0 2.080372e+01 5.738576e+01 
52 5281  3.689691645001850429e+00 0 0 2.080644e+01 5.738232e+01 
53 5329  3.689692003907744322e+00 0 0 2.080889e+01 5.738001e+01 
54 5377  3.689691428254814998e+00 0 0 2.080759e+01 5.738655e+01 
55 5425  3.689691300826029252e+00 0 0 2.080803e+01 5.738535e+01 
56 5473  3.689691291948645535e+00 0 0 2.080844e+01 5.738529e+01 
57 5521  3.689691289729267076e+00 0 0 2.080813e+01 5.738508e+01 
58 5569  3.689691284733767507e+00 0 0 2.080830e+01 5.738473e+01 
59 5617  3.689691284806862370e+00 0 0 2.080833e+01 5.738487e+01 
60 5665  3.689691284634943447e+00 0 0 2.080829e+01 5.738480e+01 
61 5713  3.689691284646490210e+00 0 0 2.080828e+01 5.738479e+01 
62 5761  3.689691284632237167e+00 0 0 2.080830e+01 5.738480e+01 
63 5809  3.689691284630408852e+00 0 0 2.080830e+01 5.738479e+01 
64 5857  3.689691284630022938e+00 0 0 2.080830e+01 5.738479e+01 
65 5905  3.689691284629954104e+00 0 0 2.080830e+01 5.738480e+01 
66 5953  3.689691284629573520e+00 0 0 2.080830e+01 5.738479e+01 
67 6001  3.689691284629545542e+00 0 0 2.080830e+01 5.738479e+01 
68 6049  3.689691284629541546e+00 0 0 2.080830e+01 5.738479e+01 
69 6097  3.689691284629539325e+00 0 0 2.080830e+01 5.738480e+01 
70 6145  3.689691284629537549e+00 0 0 2.080830e+01 5.738479e+01 
71 6193  3.689691284629535772e+00 0 0 2.080830e+01 5.738479e+01 
72 6241  3.689691284629536216e+00 0 0 2.080830e+01 5.738479e+01 
73 6289  3.689691284629534884e+00 0 0 2.080830e+01 5.738479e+01 
74 6337  3.689691284629534884e+00 0 0 2.080830e+01 5.738479e+01 
