%  columns="iteration, evaluation, sigma, axis ratio, bestever, best, median, worst fitness function value, further objective values of best" (startseed=215607, 2022/07/22 14:37:54.08)
1 7 1.604509e+02 4.367302e+00  6.690079334942631739e+00  6.690079334942631739e+00  1.545785801748698773e+01  3.347825313830668392e+01
2 13 1.546843e+02 3.965049e+00  6.690079334942631739e+00  9.035367660733463424e+00  1.407099039826436737e+01  1.547055385268696348e+01
3 19 1.089288e+02 4.066160e+00  6.690079334942631739e+00  7.167249063024746292e+00  1.188381393297254363e+01  6.614203840116523736e+01
4 25 1.366761e+02 2.948231e+00  5.039685681381198989e+00  5.039685681381198989e+00  1.123575333313195301e+01  4.666189469719669347e+01
5 31 1.278700e+02 3.131904e+00  5.039685681381198989e+00  9.677540610675642085e+00  1.437972544800712527e+01  3.456540227774893737e+01
6 37 1.018317e+02 3.251609e+00  5.039685681381198989e+00  7.807432726465181716e+00  1.164666988701590000e+01  2.946520766880277620e+01
7 43 7.870454e+01 3.209355e+00  5.039685681381198989e+00  6.482110017523868173e+00  8.809751859962926090e+00  3.003656351585751949e+01
8 49 6.114911e+01 3.177952e+00  4.881037868055882356e+00  4.881037868055882356e+00  8.380616523208464841e+00  1.211386320124061555e+01
9 55 4.708665e+01 3.137125e+00  4.755042380938133917e+00  4.755042380938133917e+00  7.218051076165902913e+00  1.128614224260117105e+01
10 61 4.395715e+01 2.820328e+00  3.873464164725495262e+00  3.873464164725495262e+00  7.105659729766029109e+00  1.916038372275736634e+01
11 67 3.313751e+01 2.734493e+00  3.873464164725495262e+00  6.545157060635223623e+00  7.467053305660798834e+00  1.661978532270812181e+01
12 73 3.329635e+01 2.599412e+00  3.873464164725495262e+00  4.035508880187585135e+00  5.661559964298809255e+00  8.946011445605588364e+00
13 79 3.012753e+01 2.437244e+00  3.736570343864317412e+00  3.736570343864317412e+00  5.212323441238272181e+00  9.861557487818970458e+00
14 85 2.646275e+01 2.563185e+00  3.736570343864317412e+00  3.819376151854757317e+00  5.077104968010813124e+00  9.705573759441199044e+00
15 91 2.222576e+01 2.720901e+00  3.736570343864317412e+00  3.841703867193404065e+00  5.045495943271320449e+00  8.098248900570983011e+00
16 97 1.881503e+01 2.850471e+00  3.736570343864317412e+00  4.544070979484166273e+00  5.992900779314692450e+00  7.765138869402061772e+00
17 103 1.459361e+01 2.845171e+00  3.736570343864317412e+00  3.986452170969956299e+00  4.780825356621738464e+00  5.367714747506823869e+00
18 109 1.508115e+01 2.323355e+00  3.736570343864317412e+00  3.754893871210463807e+00  4.383186985816511338e+00  4.782021724378133776e+00
19 115 1.202504e+01 2.287862e+00  3.736570343864317412e+00  3.746817150575716848e+00  3.884484148203293685e+00  4.186622316385786746e+00
20 121 1.040633e+01 2.311010e+00  3.736570343864317412e+00  3.942062068849190748e+00  4.157424470438893849e+00  4.271892218332365765e+00
21 127 9.275972e+00 2.302429e+00  3.729380920910595254e+00  3.729380920910595254e+00  3.838318784067221490e+00  4.164300438906161084e+00
22 133 8.203533e+00 2.408659e+00  3.729380920910595254e+00  3.775006318199238375e+00  3.857588087889063377e+00  4.048944951289960237e+00
23 139 6.336793e+00 2.376626e+00  3.691036891182661872e+00  3.691036891182661872e+00  3.752090341579050303e+00  4.400440659921058817e+00
24 145 5.317388e+00 2.322928e+00  3.691036891182661872e+00  3.691357234385428843e+00  3.718475492384348158e+00  3.777013542350450059e+00
25 151 3.977785e+00 2.332818e+00  3.691036891182661872e+00  3.692345213301245987e+00  3.701434035578205162e+00  3.742289660481772362e+00
26 157 2.939941e+00 2.341963e+00  3.690826363777661712e+00  3.690826363777661712e+00  3.693039747996228250e+00  3.705438227648182981e+00
27 163 2.133628e+00 2.342440e+00  3.690278695934472442e+00  3.690278695934472442e+00  3.693245508461155957e+00  3.694191332151735452e+00
28 169 1.571690e+00 2.323530e+00  3.689769165343383950e+00  3.689769165343383950e+00  3.690199092948030390e+00  3.692870567249890268e+00
29 175 1.147737e+00 2.289291e+00  3.689711223247934768e+00  3.689711223247934768e+00  3.690779514277209294e+00  3.693471255280537324e+00
30 181 9.336507e-01 2.306968e+00  3.689703839936550711e+00  3.689703839936550711e+00  3.689944246864417909e+00  3.690284862264236132e+00
31 187 8.076648e-01 2.405649e+00  3.689703839936550711e+00  3.689707133676902728e+00  3.689795760504446243e+00  3.689904416714878455e+00
32 193 6.857975e-01 2.319540e+00  3.689703839936550711e+00  3.689710648482736222e+00  3.689817658572756010e+00  3.690077010903566990e+00
33 199 5.920705e-01 2.487041e+00  3.689701555144347722e+00  3.689701555144347722e+00  3.689783816169605934e+00  3.689981209442426024e+00
34 205 4.674691e-01 2.493616e+00  3.689701555144347722e+00  3.689701807218125129e+00  3.689724964005997254e+00  3.690032358738363882e+00
35 211 3.482066e-01 2.459407e+00  3.689699164173955381e+00  3.689699164173955381e+00  3.689708559414455635e+00  3.689741087391042118e+00
36 217 2.687520e-01 2.457805e+00  3.689691810144424267e+00  3.689691810144424267e+00  3.689693798696849214e+00  3.689720737604391676e+00
37 223 2.341880e-01 2.287046e+00  3.689691810144424267e+00  3.689693290267221926e+00  3.689698051981861848e+00  3.689701906797313136e+00
38 229 2.194459e-01 2.197845e+00  3.689691810144424267e+00  3.689692424456682662e+00  3.689693614386404974e+00  3.689710558792337114e+00
39 235 1.842178e-01 2.121263e+00  3.689691810144424267e+00  3.689691839939742035e+00  3.689694975872952032e+00  3.689700991375679529e+00
40 241 1.379813e-01 2.158370e+00  3.689691375334013035e+00  3.689691375334013035e+00  3.689693766714910339e+00  3.689696356624313278e+00
41 247 1.193671e-01 2.268622e+00  3.689691324278305373e+00  3.689691324278305373e+00  3.689691460168053272e+00  3.689692580029543034e+00
42 253 9.775557e-02 2.202965e+00  3.689691292622236052e+00  3.689691292622236052e+00  3.689691407793149747e+00  3.689693290394977510e+00
43 259 7.182599e-02 2.210695e+00  3.689691292622236052e+00  3.689691294809362088e+00  3.689691374547377833e+00  3.689691532315775291e+00
44 265 6.276453e-02 2.247081e+00  3.689691292622236052e+00  3.689691330818706927e+00  3.689691425109681067e+00  3.689692137712086151e+00
45 271 5.365136e-02 2.265566e+00  3.689691288677529268e+00  3.689691288677529268e+00  3.689691318732775560e+00  3.689691460022506142e+00
46 277 4.974323e-02 2.033583e+00  3.689691288677529268e+00  3.689691291116645733e+00  3.689691298653579032e+00  3.689691321275953229e+00
47 283 3.927875e-02 2.006640e+00  3.689691286110780677e+00  3.689691286110780677e+00  3.689691301738144524e+00  3.689691358410667199e+00
48 289 2.899465e-02 2.020085e+00  3.689691286110780677e+00  3.689691286348539379e+00  3.689691291514111349e+00  3.689691340086417970e+00
49 295 2.404858e-02 1.961473e+00  3.689691285336223814e+00  3.689691285336223814e+00  3.689691288434461036e+00  3.689691307465826409e+00
50 301 2.314334e-02 1.748792e+00  3.689691285336223814e+00  3.689691287679355725e+00  3.689691290848789773e+00  3.689691295236212643e+00
51 307 1.832742e-02 1.713961e+00  3.689691284850323161e+00  3.689691284850323161e+00  3.689691286872214260e+00  3.689691291205642099e+00
52 313 1.440278e-02 1.761342e+00  3.689691284850323161e+00  3.689691285702204393e+00  3.689691286889425825e+00  3.689691289106759697e+00
53 319 1.209888e-02 1.837085e+00  3.689691284850323161e+00  3.689691284972518748e+00  3.689691285917055641e+00  3.689691289170311528e+00
54 325 1.375121e-02 1.405097e+00  3.689691284694109452e+00  3.689691284694109452e+00  3.689691285212640448e+00  3.689691285938021537e+00
55 331 1.019842e-02 1.383960e+00  3.689691284694109452e+00  3.689691284783182645e+00  3.689691284980831654e+00  3.689691286648722812e+00
56 337 7.262584e-03 1.415929e+00  3.689691284694109452e+00  3.689691284769179180e+00  3.689691285569994150e+00  3.689691286060132303e+00
57 343 6.652030e-03 1.313682e+00  3.689691284631719359e+00  3.689691284631719359e+00  3.689691284682250050e+00  3.689691284750754807e+00
58 349 5.610729e-03 1.236919e+00  3.689691284631719359e+00  3.689691284671140270e+00  3.689691284731796195e+00  3.689691284983464659e+00
59 355 4.850740e-03 1.248493e+00  3.689691284631719359e+00  3.689691284634849300e+00  3.689691284750782785e+00  3.689691285039539803e+00
60 361 4.085000e-03 1.198180e+00  3.689691284631719359e+00  3.689691284633329182e+00  3.689691284694993634e+00  3.689691284728578324e+00
61 367 3.010028e-03 1.214794e+00  3.689691284629881274e+00  3.689691284629881274e+00  3.689691284668782600e+00  3.689691284693496609e+00
62 373 2.913924e-03 1.407641e+00  3.689691284629881274e+00  3.689691284631306800e+00  3.689691284636390733e+00  3.689691284654822212e+00
63 379 2.240022e-03 1.393875e+00  3.689691284629881274e+00  3.689691284630278290e+00  3.689691284634768920e+00  3.689691284653758618e+00
64 385 1.697012e-03 1.396088e+00  3.689691284629881274e+00  3.689691284630152168e+00  3.689691284631710033e+00  3.689691284641336999e+00
65 391 1.653319e-03 1.410379e+00  3.689691284629881274e+00  3.689691284630935098e+00  3.689691284634454504e+00  3.689691284640368441e+00
66 397 1.365309e-03 1.442422e+00  3.689691284629739609e+00  3.689691284629739609e+00  3.689691284631587465e+00  3.689691284632835355e+00
67 403 1.238831e-03 1.559204e+00  3.689691284629739609e+00  3.689691284629855073e+00  3.689691284631603452e+00  3.689691284633640045e+00
68 409 1.030413e-03 1.557736e+00  3.689691284629589063e+00  3.689691284629589063e+00  3.689691284629628143e+00  3.689691284631305912e+00
69 415 8.853711e-04 1.530172e+00  3.689691284629589063e+00  3.689691284629662338e+00  3.689691284629957657e+00  3.689691284630765011e+00
70 421 6.872875e-04 1.493771e+00  3.689691284629548651e+00  3.689691284629548651e+00  3.689691284629898593e+00  3.689691284630948420e+00
71 427 5.561993e-04 1.538548e+00  3.689691284629548651e+00  3.689691284629551316e+00  3.689691284629602386e+00  3.689691284630129964e+00
72 433 4.416659e-04 1.516245e+00  3.689691284629540213e+00  3.689691284629540213e+00  3.689691284629613932e+00  3.689691284629680990e+00
73 439 3.295948e-04 1.519878e+00  3.689691284629540213e+00  3.689691284629545098e+00  3.689691284629614820e+00  3.689691284629958101e+00
74 445 2.861756e-04 1.480283e+00  3.689691284629538437e+00  3.689691284629538437e+00  3.689691284629572188e+00  3.689691284629581958e+00
75 451 2.470004e-04 1.500970e+00  3.689691284629538437e+00  3.689691284629543766e+00  3.689691284629546431e+00  3.689691284629553536e+00
76 457 2.173147e-04 1.483213e+00  3.689691284629538437e+00  3.689691284629541101e+00  3.689691284629549983e+00  3.689691284629555312e+00
77 463 2.273464e-04 1.218808e+00  3.689691284629538437e+00  3.689691284629539325e+00  3.689691284629545986e+00  3.689691284629550871e+00
78 469 2.192038e-04 1.249856e+00  3.689691284629537993e+00  3.689691284629537993e+00  3.689691284629549983e+00  3.689691284629597057e+00
79 475 1.701188e-04 1.301307e+00  3.689691284629537993e+00  3.689691284629539769e+00  3.689691284629547319e+00  3.689691284629553980e+00
80 481 1.576348e-04 1.153310e+00  3.689691284629537993e+00  3.689691284629541101e+00  3.689691284629545542e+00  3.689691284629552648e+00
81 487 1.907494e-04 1.482608e+00  3.689691284629537993e+00  3.689691284629541101e+00  3.689691284629545986e+00  3.689691284629548207e+00
82 493 1.867342e-04 1.375361e+00  3.689691284629537993e+00  3.689691284629541546e+00  3.689691284629545098e+00  3.689691284629555756e+00
83 499 1.817371e-04 1.514488e+00  3.689691284629537993e+00  3.689691284629537993e+00  3.689691284629543766e+00  3.689691284629554424e+00
84 505 1.573860e-04 1.420252e+00  3.689691284629537993e+00  3.689691284629539769e+00  3.689691284629549095e+00  3.689691284629554868e+00
85 511 1.505574e-04 1.249320e+00  3.689691284629537993e+00  3.689691284629539769e+00  3.689691284629544210e+00  3.689691284629549095e+00
1 525 8.322047e+01 3.677893e+00  3.689691284629537993e+00  6.970420512986320816e+00  4.011298525319323716e+01  8.515708780630697561e+01
2 537 1.004461e+02 4.650709e+00  3.689691284629537993e+00  7.521099268843627783e+00  1.560607078071039666e+01  5.243920769925536263e+01
3 549 1.354773e+02 3.948246e+00  3.689691284629537993e+00  4.904144184549146246e+00  1.211408165103629031e+01  5.774156153296738125e+01
4 561 1.176069e+02 3.850883e+00  3.689691284629537993e+00  6.312721110587792950e+00  1.437972544800712527e+01  6.355810102719797072e+01
5 573 1.191579e+02 4.604407e+00  3.689691284629537993e+00  6.618080746819394733e+00  1.437972544800712527e+01  3.290748270454517410e+01
6 585 1.118343e+02 5.390821e+00  3.689691284629537993e+00  5.118129989146328995e+00  1.437972544800712527e+01  4.403310668149295992e+01
7 597 1.151546e+02 8.204562e+00  3.689691284629537993e+00  7.555982057370287386e+00  1.437972544800712527e+01  2.617990457644970093e+01
8 609 1.267224e+02 9.502448e+00  3.689691284629537993e+00  6.150720043777419654e+00  1.158874134516576326e+01  4.352188995823712503e+01
9 621 1.000167e+02 1.404149e+01  3.689691284629537993e+00  5.698398684334759601e+00  1.062893462501947894e+01  1.437972544800712527e+01
10 633 8.673563e+01 1.479988e+01  3.689691284629537993e+00  5.042787601541423470e+00  1.078371701615581202e+01  3.423410875126712227e+01
11 645 8.597828e+01 2.191492e+01  3.689691284629537993e+00  4.761265971940226827e+00  7.346602395051776924e+00  1.437972544800712527e+01
12 657 6.098117e+01 2.412069e+01  3.689691284629537993e+00  3.867526139211895142e+00  1.009895487947844117e+01  1.437972544800712349e+01
13 669 6.646771e+01 3.166454e+01  3.689691284629537993e+00  4.710464816616894090e+00  8.344039361695479329e+00  1.437972544800712527e+01
14 681 5.485593e+01 3.086154e+01  3.689691284629537993e+00  4.714973184951329443e+00  6.175241214549718194e+00  1.489183860785367841e+01
15 693 3.808768e+01 3.286616e+01  3.689691284629537993e+00  4.738303109796632384e+00  5.594326912870471347e+00  1.328711431446394720e+01
16 705 4.412590e+01 3.771031e+01  3.689691284629537993e+00  4.737935158570086180e+00  5.628145859498091319e+00  7.659841438728100194e+00
17 717 3.670436e+01 4.185945e+01  3.689691284629537993e+00  4.710847293864482310e+00  5.366891207352605164e+00  1.010672555847746246e+01
18 729 3.356019e+01 3.844263e+01  3.689691284629537993e+00  4.719423683332931496e+00  4.992121970661501429e+00  6.221371083566941351e+00
19 741 3.397718e+01 3.815393e+01  3.689691284629537993e+00  4.713797001423087885e+00  4.975653180973711009e+00  5.482285100369622910e+00
20 753 2.358779e+01 3.893744e+01  3.689691284629537993e+00  4.744118853610682862e+00  4.897508956638168875e+00  5.424212856902454583e+00
21 765 2.060853e+01 4.728576e+01  3.689691284629537993e+00  4.711324417605300852e+00  4.765092184787898866e+00  5.173644281150997060e+00
22 777 1.540561e+01 4.985399e+01  3.689691284629537993e+00  4.715713453424934976e+00  4.760781572385408111e+00  5.050455688928058962e+00
23 789 1.232021e+01 5.713865e+01  3.689691284629537993e+00  4.711131713677485955e+00  4.734733909245734118e+00  4.820352595370897220e+00
24 801 1.220511e+01 6.703395e+01  3.689691284629537993e+00  4.711167051593649902e+00  4.714758356602221312e+00  4.734477603412133639e+00
25 813 1.064251e+01 7.589630e+01  3.689691284629537993e+00  4.710483577895320018e+00  4.719052816679753626e+00  4.741498528514243027e+00
26 825 1.487525e+01 1.222479e+02  3.689691284629537993e+00  4.710548051933796110e+00  4.712693705465897942e+00  4.718912768126871882e+00
27 837 1.361467e+01 1.545013e+02  3.689691284629537993e+00  4.710508383870518401e+00  4.711750486583646591e+00  4.724907562449459419e+00
28 849 1.124784e+01 1.649656e+02  3.689691284629537993e+00  4.710597173991179609e+00  4.712646195998721588e+00  4.717487162205589613e+00
29 861 8.918893e+00 1.797151e+02  3.689691284629537993e+00  4.710489896244618890e+00  4.712454891211974584e+00  4.718580496930887769e+00
30 873 6.620181e+00 1.920162e+02  3.689691284629537993e+00  4.710466010849529539e+00  4.710854564885274876e+00  4.711476086504283955e+00
31 885 5.330151e+00 2.101741e+02  3.689691284629537993e+00  4.710464472888205911e+00  4.710477917579268592e+00  4.711254190983005685e+00
32 897 4.367708e+00 2.551040e+02  3.689691284629537993e+00  4.710471953034046422e+00  4.710574111273245101e+00  4.711035081011762493e+00
33 909 3.311220e+00 2.742423e+02  3.689691284629537993e+00  4.710464476941599976e+00  4.710475046987893322e+00  4.710640863932335165e+00
34 921 2.899116e+00 3.567793e+02  3.689691284629537993e+00  4.710465350566246379e+00  4.710474857230746437e+00  4.710507575686885495e+00
35 933 2.771608e+00 4.127708e+02  3.689691284629537993e+00  4.710464515294978227e+00  4.710468793702355939e+00  4.710494791510112300e+00
36 945 2.063487e+00 4.431163e+02  3.689691284629537993e+00  4.710464472556057380e+00  4.710467281340756429e+00  4.710496253694329560e+00
37 957 2.022638e+00 5.580909e+02  3.689691284629537993e+00  4.710464497149117413e+00  4.710465194180626369e+00  4.710470438925143277e+00
38 969 2.042353e+00 7.314109e+02  3.689691284629537993e+00  4.710464477144552298e+00  4.710465139746697005e+00  4.710468320776294959e+00
39 981 2.114662e+00 8.862189e+02  3.689691284629537993e+00  4.710464483330649266e+00  4.710464823647997790e+00  4.710468618083505810e+00
40 993 1.803738e+00 1.040614e+03  3.689691284629537993e+00  4.710464531556972645e+00  4.710464790934864254e+00  4.710467242164890322e+00
41 1005 1.550072e+00 1.398589e+03  3.689691284629537993e+00  4.710464473905858540e+00  4.710464544625239114e+00  4.710465162368800307e+00
42 1017 1.485695e+00 1.883165e+03  3.689691284629537993e+00  4.710464485697899661e+00  4.710464524196853020e+00  4.710464850544535231e+00
43 1029 1.128559e+00 2.104185e+03  3.689691284629537993e+00  4.710464473210235425e+00  4.710464493679289433e+00  4.710464860864839842e+00
44 1041 9.473113e-01 2.376753e+03  3.689691284629537993e+00  4.710464473418650933e+00  4.710464493197148883e+00  4.710464717911507115e+00
45 1053 7.995683e-01 2.691593e+03  3.689691284629537993e+00  4.710464472611070263e+00  4.710464485565277748e+00  4.710464600625319243e+00
46 1065 5.750983e-01 2.925790e+03  3.689691284629537993e+00  4.710464473337990121e+00  4.710464486387380134e+00  4.710464578443807504e+00
47 1077 4.968102e-01 3.382166e+03  3.689691284629537993e+00  4.710464472602388319e+00  4.710464475617476054e+00  4.710464495128355189e+00
48 1089 5.916983e-01 4.664194e+03  3.689691284629537993e+00  4.710464472556846083e+00  4.710464473683416031e+00  4.710464488496275415e+00
49 1101 7.607155e-01 7.071644e+03  3.689691284629537993e+00  4.710464472559749538e+00  4.710464473162298660e+00  4.710464478431114266e+00
50 1113 7.687166e-01 8.549917e+03  3.689691284629537993e+00  4.710464472555802473e+00  4.710464473483913395e+00  4.710464476485642926e+00
51 1125 5.836422e-01 9.751890e+03  3.689691284629537993e+00  4.710464472580715878e+00  4.710464473180127953e+00  4.710464480069333604e+00
52 1137 4.884047e-01 1.032305e+04  3.689691284629537993e+00  4.710464472557166715e+00  4.710464473247713002e+00  4.710464476517197241e+00
53 1149 5.236138e-01 1.283366e+04  3.689691284629537993e+00  4.710464472560138560e+00  4.710464472612446940e+00  4.710464472951595205e+00
54 1161 4.866741e-01 1.477553e+04  3.689691284629537993e+00  4.710464472556179949e+00  4.710464472660387258e+00  4.710464473855673795e+00
55 1173 5.464595e-01 1.988417e+04  3.689691284629537993e+00  4.710464472556631144e+00  4.710464472668374647e+00  4.710464473239108329e+00
56 1185 5.072872e-01 2.383030e+04  3.689691284629537993e+00  4.710464472555028870e+00  4.710464472623336896e+00  4.710464473081076520e+00
57 1197 5.265637e-01 2.965198e+04  3.689691284629537993e+00  4.710464472554227733e+00  4.710464472609094955e+00  4.710464472954362769e+00
58 1209 4.725728e-01 3.259810e+04  3.689691284629537993e+00  4.710464472555409898e+00  4.710464472584128259e+00  4.710464472828055804e+00
59 1221 5.584186e-01 5.122634e+04  3.689691284629537993e+00  4.710464472554326321e+00  4.710464472571993966e+00  4.710464472708969730e+00
60 1233 5.015510e-01 5.579020e+04  3.689691284629537993e+00  4.710464472555234039e+00  4.710464472564694027e+00  4.710464472675277570e+00
61 1245 4.784136e-01 6.402824e+04  3.689691284629537993e+00  4.710464472554504844e+00  4.710464472562421179e+00  4.710464472606170183e+00
62 1257 4.221295e-01 6.615306e+04  3.689691284629537993e+00  4.710464472554458659e+00  4.710464472560213167e+00  4.710464472577317707e+00
63 1269 3.291394e-01 7.531742e+04  3.689691284629537993e+00  4.710464472554853899e+00  4.710464472555881521e+00  4.710464472579981354e+00
64 1281 3.675380e-01 1.023811e+05  3.689691284629537993e+00  4.710464472554225068e+00  4.710464472555390358e+00  4.710464472559755755e+00
65 1293 3.375487e-01 1.247627e+05  3.689691284629537993e+00  4.710464472554282800e+00  4.710464472555611515e+00  4.710464472573118400e+00
66 1305 2.866869e-01 1.404960e+05  3.689691284629537993e+00  4.710464472554222404e+00  4.710464472554381388e+00  4.710464472556041393e+00
67 1317 2.068455e-01 1.565034e+05  3.689691284629537993e+00  4.710464472554228621e+00  4.710464472554808602e+00  4.710464472558373750e+00
68 1329 1.580968e-01 1.689953e+05  3.689691284629537993e+00  4.710464472554224180e+00  4.710464472554331650e+00  4.710464472555007553e+00
69 1341 1.343324e-01 1.901819e+05  3.689691284629537993e+00  4.710464472554220627e+00  4.710464472554249049e+00  4.710464472554625637e+00
70 1353 1.136004e-01 2.165074e+05  3.689691284629537993e+00  4.710464472554221516e+00  4.710464472554249049e+00  4.710464472554322768e+00
71 1365 8.588236e-02 2.508367e+05  3.689691284629537993e+00  4.710464472554222404e+00  4.710464472554228621e+00  4.710464472554366289e+00
72 1377 1.267020e-01 4.285133e+05  3.689691284629537993e+00  4.710464472554220627e+00  4.710464472554223292e+00  4.710464472554233062e+00
73 1389 1.424642e-01 5.502912e+05  3.689691284629537993e+00  4.710464472554223292e+00  4.710464472554225956e+00  4.710464472554253490e+00
74 1401 1.004551e-01 6.562992e+05  3.689691284629537993e+00  4.710464472554222404e+00  4.710464472554226845e+00  4.710464472554251714e+00
75 1413 8.080137e-02 7.057063e+05  3.689691284629537993e+00  4.710464472554220627e+00  4.710464472554225956e+00  4.710464472554242832e+00
1 1439 1.417421e+02 3.809055e+00  3.689691284629537993e+00  4.715477311675003058e+00  1.861388274612183480e+01  7.608353755774599847e+01
2 1463 1.456665e+02 3.132077e+00  3.689691284629537993e+00  4.397731209610101111e+00  1.181543225365467720e+01  5.879334937170142439e+01
3 1487 1.463521e+02 3.297460e+00  3.689691284629537993e+00  5.346569733241083533e+00  1.426962531678112889e+01  3.836653172294366954e+01
4 1511 1.411947e+02 3.266548e+00  3.689691284629537993e+00  5.139130947223237378e+00  9.811696706622942799e+00  2.594021160083504896e+01
5 1535 1.179907e+02 3.250562e+00  3.689691284629537993e+00  5.039512453749941834e+00  1.377074600690822770e+01  4.595111790219222314e+01
6 1559 1.065749e+02 3.408792e+00  3.689691284629537993e+00  5.709487697420000174e+00  7.563592359253809683e+00  1.437972544800712704e+01
7 1583 9.518457e+01 3.148334e+00  3.689691284629537993e+00  4.406502399651706092e+00  7.701890199096643741e+00  1.934316439266286025e+01
8 1607 1.105272e+02 2.360549e+00  3.689691284629537993e+00  4.309942956515190104e+00  6.479809502102940044e+00  2.416007498820482979e+01
9 1631 9.912980e+01 2.254223e+00  3.689691284629537993e+00  3.957135687186120521e+00  6.651538749072422263e+00  1.437972544800712527e+01
10 1655 9.064487e+01 2.743861e+00  3.689691284629537993e+00  3.874542303002414645e+00  5.586776696755332949e+00  1.437972544800712527e+01
11 1679 9.898996e+01 3.384376e+00  3.689691284629537993e+00  3.818682923142908692e+00  5.270949913373520701e+00  1.170844494603837482e+01
12 1703 8.561265e+01 2.996924e+00  3.689691284629537993e+00  4.013209972444124141e+00  5.238415020684736412e+00  8.539984853255418784e+00
13 1727 8.875682e+01 2.678867e+00  3.689691284629537993e+00  3.765341814736496318e+00  4.577748636653334202e+00  9.155430907138709884e+00
14 1751 7.783039e+01 2.459456e+00  3.689691284629537993e+00  3.717203767548323601e+00  4.365250574365258984e+00  5.656862880030482543e+00
15 1775 6.161153e+01 2.268821e+00  3.689691284629537993e+00  3.696870130599365201e+00  4.050311428556095272e+00  4.582396043377420014e+00
16 1799 4.918833e+01 2.211187e+00  3.689691284629537993e+00  3.694326667310551926e+00  3.773044916850933017e+00  4.031341057056300414e+00
17 1823 4.262215e+01 2.420990e+00  3.689691284629537993e+00  3.690524834334958815e+00  3.748301143454204620e+00  4.031810346556996549e+00
18 1847 3.630414e+01 2.139986e+00  3.689691284629537993e+00  3.690244990650725754e+00  3.703010238289928147e+00  3.774563541202828443e+00
19 1871 3.252302e+01 1.961369e+00  3.689691284629537993e+00  3.690343218409853687e+00  3.696495016520010335e+00  3.714265667023244344e+00
20 1895 2.682880e+01 1.878517e+00  3.689691284629537993e+00  3.690218375031083742e+00  3.693136082342642901e+00  3.706448905832173235e+00
21 1919 2.634962e+01 1.582442e+00  3.689691284629537993e+00  3.689697482729052513e+00  3.691552950113979215e+00  3.694842876887347582e+00
22 1943 2.315526e+01 1.502286e+00  3.689691284629537993e+00  3.689711765515533148e+00  3.690095804781511113e+00  3.695043030061821110e+00
23 1967 1.930087e+01 1.569080e+00  3.689691284629537993e+00  3.689691702195250222e+00  3.690024266971328792e+00  3.692075043906199117e+00
24 1991 1.515129e+01 1.605755e+00  3.689691284629537993e+00  3.689691706507818747e+00  3.689796238907969705e+00  3.690249232091788123e+00
25 2015 1.225517e+01 1.603827e+00  3.689691284629537993e+00  3.689693922325369968e+00  3.689732117313601734e+00  3.689862067882461183e+00
26 2039 1.152600e+01 1.781564e+00  3.689691284629537993e+00  3.689692358175280962e+00  3.689701172381652849e+00  3.689788832229594640e+00
27 2063 1.125172e+01 2.089568e+00  3.689691284629537993e+00  3.689691314833008828e+00  3.689700050635066120e+00  3.689730458549781211e+00
28 2087 9.988499e+00 2.094531e+00  3.689691284629537993e+00  3.689691397736222012e+00  3.689694094455503670e+00  3.689704748173570970e+00
29 2111 7.853280e+00 1.949884e+00  3.689691284629537993e+00  3.689691308837321326e+00  3.689692142513414819e+00  3.689699047825794054e+00
30 2135 6.466721e+00 1.711611e+00  3.689691284629537993e+00  3.689691333764950620e+00  3.689692206692972043e+00  3.689693794039726082e+00
31 2159 5.949097e+00 1.782645e+00  3.689691284629537993e+00  3.689691306834331996e+00  3.689691567598961885e+00  3.689692094799842170e+00
32 2183 5.498999e+00 1.866300e+00  3.689691284629537993e+00  3.689691287712358658e+00  3.689691396679223079e+00  3.689692199152074359e+00
33 2207 5.422476e+00 1.909189e+00  3.689691284629537993e+00  3.689691286077444232e+00  3.689691340439307687e+00  3.689691616184365142e+00
34 2231 4.663691e+00 2.256726e+00  3.689691284629537993e+00  3.689691289374514849e+00  3.689691328443973184e+00  3.689691510063298097e+00
35 2255 4.472505e+00 2.392193e+00  3.689691284629537993e+00  3.689691284696182905e+00  3.689691310349131559e+00  3.689691361757684529e+00
36 2279 3.455485e+00 2.180973e+00  3.689691284629537993e+00  3.689691285227184814e+00  3.689691294091821838e+00  3.689691328174757867e+00
37 2303 3.223628e+00 2.073105e+00  3.689691284629537993e+00  3.689691284749104572e+00  3.689691287249230456e+00  3.689691303513889409e+00
38 2327 2.662499e+00 2.022758e+00  3.689691284629537993e+00  3.689691284691430706e+00  3.689691285636710560e+00  3.689691290931706558e+00
39 2351 2.335395e+00 1.846528e+00  3.689691284629537993e+00  3.689691284640304936e+00  3.689691285104220952e+00  3.689691287950183085e+00
40 2375 1.923952e+00 1.834238e+00  3.689691284629537993e+00  3.689691284635010060e+00  3.689691284732418808e+00  3.689691285249363073e+00
41 2399 1.554442e+00 1.825894e+00  3.689691284629537993e+00  3.689691284633501933e+00  3.689691284720443498e+00  3.689691285026561740e+00
42 2423 1.485590e+00 2.094632e+00  3.689691284629537993e+00  3.689691284632429902e+00  3.689691284651205549e+00  3.689691284750706401e+00
43 2447 1.254010e+00 2.021641e+00  3.689691284629537993e+00  3.689691284630590484e+00  3.689691284646539948e+00  3.689691284687218964e+00
44 2471 1.091457e+00 2.007863e+00  3.689691284629537993e+00  3.689691284630584711e+00  3.689691284639585511e+00  3.689691284659099235e+00
45 2495 9.487233e-01 1.860722e+00  3.689691284629537993e+00  3.689691284629635692e+00  3.689691284632127477e+00  3.689691284644448288e+00
46 2519 8.455077e-01 1.702423e+00  3.689691284629537993e+00  3.689691284629562862e+00  3.689691284631103407e+00  3.689691284637160784e+00
47 2543 8.997140e-01 1.697403e+00  3.689691284629537993e+00  3.689691284629562862e+00  3.689691284629994961e+00  3.689691284632935719e+00
48 2567 8.875978e-01 2.008802e+00  3.689691284629537993e+00  3.689691284629631252e+00  3.689691284630048251e+00  3.689691284630915113e+00
49 2591 7.837477e-01 2.148708e+00  3.689691284629537993e+00  3.689691284629545986e+00  3.689691284629970980e+00  3.689691284631500867e+00
50 2615 7.170760e-01 1.690977e+00  3.689691284629537993e+00  3.689691284629555312e+00  3.689691284629709855e+00  3.689691284630168155e+00
51 2639 5.903665e-01 1.633133e+00  3.689691284629537993e+00  3.689691284629546875e+00  3.689691284629605050e+00  3.689691284629838641e+00
52 2663 4.850145e-01 1.652496e+00  3.689691284629537993e+00  3.689691284629545098e+00  3.689691284629570411e+00  3.689691284629629919e+00
53 2687 3.832475e-01 1.602387e+00  3.689691284629537993e+00  3.689691284629540213e+00  3.689691284629552204e+00  3.689691284629574852e+00
54 2711 3.298707e-01 1.561962e+00  3.689691284629537993e+00  3.689691284629539769e+00  3.689691284629544210e+00  3.689691284629561974e+00
55 2735 2.978324e-01 1.516533e+00  3.689691284629537993e+00  3.689691284629537993e+00  3.689691284629543766e+00  3.689691284629550427e+00
56 2759 2.477272e-01 1.510869e+00  3.689691284629537549e+00  3.689691284629537549e+00  3.689691284629542878e+00  3.689691284629549095e+00
57 2783 2.097991e-01 1.726637e+00  3.689691284629536216e+00  3.689691284629536216e+00  3.689691284629543766e+00  3.689691284629549095e+00
1 2833 1.329716e+02 4.727096e+00  3.689691284629536216e+00  5.051426493416707686e+00  1.579979920661793003e+01  7.984441154803268148e+01
2 2881 1.238807e+02 8.735721e+00  3.689691284629536216e+00  5.607175476470473541e+00  1.437972544800712527e+01  8.868829424685581841e+01
3 2929 1.315276e+02 1.152743e+01  3.689691284629536216e+00  4.721455226756974710e+00  8.661653671178054736e+00  5.241926589058319763e+01
4 2977 1.464633e+02 1.553655e+01  3.689691284629536216e+00  3.877136368003990086e+00  8.813688993931414473e+00  3.853846709556579953e+01
5 3025 1.242404e+02 3.104724e+01  3.689691284629536216e+00  4.577330038288888403e+00  7.620139665506705740e+00  3.866301401187648423e+01
6 3073 1.209552e+02 3.180827e+01  3.689691284629536216e+00  4.717874951048663057e+00  7.331478200519106814e+00  1.814209280970570859e+01
7 3121 1.207872e+02 3.204366e+01  3.689691284629536216e+00  4.234850465874655967e+00  6.202943219219134718e+00  1.334783984582311689e+01
8 3169 1.027976e+02 5.263869e+01  3.689691284629536216e+00  3.734932856951848290e+00  5.728036558387008981e+00  1.437972544800712349e+01
9 3217 1.158641e+02 4.404651e+01  3.689691284629536216e+00  4.710500446515496265e+00  5.070601204985193178e+00  8.085488821565505191e+00
10 3265 9.805338e+01 8.310625e+01  3.689691284629536216e+00  4.190485645098891432e+00  5.046001202341134473e+00  8.913382503765872045e+00
11 3313 1.003330e+02 1.410434e+02  3.689691284629536216e+00  3.863429675566175003e+00  4.819720336737920441e+00  6.065584771312162893e+00
12 3361 9.402660e+01 1.903870e+02  3.689691284629536216e+00  4.036686830657163938e+00  4.791603570468438100e+00  5.352280230414486084e+00
13 3409 8.624357e+01 2.875544e+02  3.689691284629536216e+00  4.058453486066643023e+00  4.757096863174183454e+00  5.265764394521586844e+00
14 3457 1.119627e+02 2.303377e+02  3.689691284629536216e+00  4.710474712127381558e+00  4.731069488411954183e+00  5.073614159626786524e+00
15 3505 1.355215e+02 3.661489e+02  3.689691284629536216e+00  4.479910176954836842e+00  4.721803198088184494e+00  5.146644796552727996e+00
16 3553 1.254245e+02 5.332952e+02  3.689691284629536216e+00  4.505033520235450339e+00  4.728066841911061857e+00  5.262559238501689052e+00
17 3601 1.553846e+02 3.448783e+02  3.689691284629536216e+00  4.622621652647893598e+00  4.714777488839555275e+00  5.206845758030193672e+00
18 3649 1.374838e+02 4.542238e+02  3.689691284629536216e+00  4.434955441393099385e+00  4.718460178607140065e+00  5.259862489937100705e+00
19 3697 1.372585e+02 6.238843e+02  3.689691284629536216e+00  4.387216573099901318e+00  4.713156403998468136e+00  5.229674044899810248e+00
20 3745 1.667215e+02 1.069651e+03  3.689691284629536216e+00  4.383275423637743806e+00  4.711454000089142724e+00  5.194482725296671433e+00
21 3793 1.436017e+02 8.168834e+02  3.689691284629536216e+00  4.389891827282874637e+00  4.711540600384892308e+00  5.241305417293844471e+00
22 3841 1.609248e+02 6.689167e+02  3.689691284629536216e+00  4.403202344841389504e+00  4.711824606652749381e+00  5.228676098201066047e+00
23 3889 1.648993e+02 7.175410e+02  3.689691284629536216e+00  4.370295501394935833e+00  4.711064337901807342e+00  5.201267805922157095e+00
24 3937 2.126096e+02 1.058140e+03  3.689691284629536216e+00  4.445038091012938786e+00  4.710662008143588153e+00  5.201031559451707587e+00
25 3985 1.802148e+02 1.073481e+03  3.689691284629536216e+00  4.318200619309621402e+00  4.711259414153127878e+00  5.191871975563328689e+00
26 4033 2.120709e+02 1.014572e+03  3.689691284629536216e+00  4.399996466141533169e+00  4.710552452692207126e+00  5.179275805848966741e+00
27 4081 1.951617e+02 1.176239e+03  3.689691284629536216e+00  4.336120645316111855e+00  4.710926424936749513e+00  5.199615731582852618e+00
28 4129 2.058388e+02 1.202929e+03  3.689691284629536216e+00  4.321592353298217226e+00  4.710615585820129070e+00  5.191162191105116008e+00
29 4177 2.055228e+02 1.243103e+03  3.689691284629536216e+00  4.355541326948046965e+00  4.710629818931221457e+00  5.187674956097573009e+00
30 4225 2.178655e+02 8.797510e+02  3.689691284629536216e+00  4.315130185984942912e+00  4.710482863938956655e+00  4.711122382170604972e+00
31 4273 2.545264e+02 9.272735e+02  3.689691284629536216e+00  4.310413732740047799e+00  4.710498591852143591e+00  5.184452464977278296e+00
32 4321 2.181516e+02 6.314244e+02  3.689691284629536216e+00  4.311180956934215658e+00  4.710630234007382455e+00  5.186714189842262179e+00
33 4369 2.687849e+02 4.433071e+02  3.689691284629536216e+00  4.309517062906544460e+00  4.710515390349589104e+00  5.184260460257219094e+00
34 4417 2.785824e+02 3.578851e+02  3.689691284629536216e+00  4.299901060714609535e+00  4.710474673611662055e+00  5.181736461190616261e+00
35 4465 3.023917e+02 1.736637e+02  3.689691284629536216e+00  4.287054785329464934e+00  4.639240154231242030e+00  5.179153738883410796e+00
36 4513 2.933057e+02 1.503812e+02  3.689691284629536216e+00  4.291484285943157673e+00  4.376556585611790062e+00  5.179693570205504471e+00
37 4561 3.193833e+02 7.513239e+01  3.689691284629536216e+00  4.289312403876255786e+00  4.328350978362699664e+00  4.721319830953539132e+00
38 4609 4.513726e+02 4.162615e+01  3.689691284629536216e+00  4.284461773007096852e+00  4.301643011434630459e+00  4.404934746356786945e+00
39 4657 7.769724e+02 2.109697e+01  3.689691284629536216e+00  4.267955319065557696e+00  4.295569444293660943e+00  4.358358755376097626e+00
40 4705 1.345529e+03 1.178054e+01  3.689691284629536216e+00  4.229033317363449562e+00  4.286104247439610937e+00  4.408054377803313884e+00
41 4753 2.119860e+03 7.521482e+00  3.689691284629536216e+00  4.164873557478405708e+00  4.282436312891144681e+00  4.413410204057810482e+00
42 4801 3.809842e+03 4.796242e+00  3.689691284629536216e+00  4.087053381251405604e+00  4.257058668432746273e+00  4.637622178551914054e+00
43 4849 7.371691e+03 2.677819e+00  3.689691284629536216e+00  3.917385903931131619e+00  4.190458405963169319e+00  4.717159167831615818e+00
44 4897 1.336801e+04 1.795546e+00  3.689691284629536216e+00  3.717947892428228762e+00  4.134665585325354442e+00  5.028425711763260253e+00
45 4945 1.611456e+04 1.227461e+00  3.689691284629536216e+00  3.699692724736473703e+00  4.211821007997114563e+00  6.082595347528486407e+00
46 4993 1.612989e+04 1.160736e+00  3.689691284629536216e+00  3.695650844502749610e+00  3.985674248168535883e+00  4.817916982378552149e+00
47 5041 1.490732e+04 1.017700e+00  3.689691284629536216e+00  3.690120138781617598e+00  3.814917968582919094e+00  4.183578090397642946e+00
48 5089 1.229081e+04 1.223443e+00  3.689691284629536216e+00  3.689967601673092457e+00  3.714158946300796238e+00  3.881718685978303274e+00
49 5137 1.141563e+04 1.618776e+00  3.689691284629536216e+00  3.689888189793274709e+00  3.695058657214857600e+00  3.725820211508267477e+00
50 5185 1.047005e+04 1.467226e+00  3.689691284629536216e+00  3.689753017466675722e+00  3.691121117498806115e+00  3.699747902879118922e+00
51 5233 9.321129e+03 1.549623e+00  3.689691284629536216e+00  3.689692929173198355e+00  3.690031995087695194e+00  3.691612558856479875e+00
52 5281 8.202175e+03 1.436345e+00  3.689691284629536216e+00  3.689691645001850429e+00  3.689759359022548146e+00  3.690262505861065190e+00
53 5329 7.152282e+03 1.501259e+00  3.689691284629536216e+00  3.689692003907744322e+00  3.689706704075085941e+00  3.689766975516691971e+00
54 5377 6.024472e+03 1.532617e+00  3.689691284629536216e+00  3.689691428254814998e+00  3.689693080328320551e+00  3.689721858704483104e+00
55 5425 6.345475e+03 1.124991e+00  3.689691284629536216e+00  3.689691300826029252e+00  3.689691879230630356e+00  3.689695570090447685e+00
56 5473 5.821886e+03 1.661886e+00  3.689691284629536216e+00  3.689691291948645535e+00  3.689691535282965340e+00  3.689693152387146569e+00
57 5521 4.783438e+03 1.441080e+00  3.689691284629536216e+00  3.689691289729267076e+00  3.689691337331236110e+00  3.689691630950860723e+00
58 5569 4.352248e+03 1.682283e+00  3.689691284629536216e+00  3.689691284733767507e+00  3.689691294330723625e+00  3.689691334741811435e+00
59 5617 4.271779e+03 1.466012e+00  3.689691284629536216e+00  3.689691284806862370e+00  3.689691287558335198e+00  3.689691295435313823e+00
60 5665 3.555273e+03 1.321880e+00  3.689691284629536216e+00  3.689691284634943447e+00  3.689691285854312941e+00  3.689691290857138650e+00
61 5713 3.783978e+03 1.180778e+00  3.689691284629536216e+00  3.689691284646490210e+00  3.689691284845855623e+00  3.689691285866896209e+00
62 5761 3.545391e+03 1.411417e+00  3.689691284629536216e+00  3.689691284632237167e+00  3.689691284774949231e+00  3.689691285714535862e+00
63 5809 3.396081e+03 1.173374e+00  3.689691284629536216e+00  3.689691284630408852e+00  3.689691284657857118e+00  3.689691285094870654e+00
64 5857 3.188734e+03 1.610018e+00  3.689691284629536216e+00  3.689691284630022938e+00  3.689691284639224023e+00  3.689691284725381326e+00
65 5905 2.813324e+03 1.557314e+00  3.689691284629536216e+00  3.689691284629954104e+00  3.689691284633139112e+00  3.689691284646662517e+00
66 5953 2.537301e+03 1.964819e+00  3.689691284629536216e+00  3.689691284629573520e+00  3.689691284630491452e+00  3.689691284635272517e+00
67 6001 2.329063e+03 2.176643e+00  3.689691284629536216e+00  3.689691284629545542e+00  3.689691284629717849e+00  3.689691284631025692e+00
68 6049 2.049836e+03 2.243046e+00  3.689691284629536216e+00  3.689691284629541546e+00  3.689691284629572188e+00  3.689691284629840418e+00
69 6097 2.219337e+03 1.389866e+00  3.689691284629536216e+00  3.689691284629539325e+00  3.689691284629549539e+00  3.689691284629611712e+00
70 6145 1.886647e+03 1.270282e+00  3.689691284629536216e+00  3.689691284629537549e+00  3.689691284629546875e+00  3.689691284629571300e+00
71 6193 1.734429e+03 1.894178e+00  3.689691284629535772e+00  3.689691284629535772e+00  3.689691284629544210e+00  3.689691284629556201e+00
72 6241 1.684168e+03 2.060893e+00  3.689691284629535772e+00  3.689691284629536216e+00  3.689691284629541990e+00  3.689691284629547763e+00
73 6289 1.581119e+03 1.714975e+00  3.689691284629534884e+00  3.689691284629534884e+00  3.689691284629541990e+00  3.689691284629548207e+00
74 6337 1.822457e+03 1.659310e+00  3.689691284629534884e+00  3.689691284629534884e+00  3.689691284629541101e+00  3.689691284629547763e+00
