%  columns="iteration, evaluation, sigma, axis ratio, bestever, best, median, worst fitness function value, further objective values of best" (startseed=216069, 2022/07/21 16:55:39.70)
1 8 4.397043e+01 4.613672e+01  1.078669759065087064e+01  1.078669759065087064e+01  1.339867986010197853e+01  2.276212212914737520e+01
2 15 4.380512e+01 4.722274e+01  1.078669759065087064e+01  1.407480018411433775e+01  2.061599679851619271e+01  2.451421854734641670e+01
3 22 4.915957e+01 3.926159e+01  1.078669759065087064e+01  1.194102174646078929e+01  1.962019796985707032e+01  2.014210292808776970e+01
4 29 3.922907e+01 3.721278e+01  1.078669759065087064e+01  1.293342918086394100e+01  2.014210292808776970e+01  2.359440405984137712e+01
5 36 3.609329e+01 3.444252e+01  1.078669759065087064e+01  1.091874640609933955e+01  1.805454589118390629e+01  2.014210292808776970e+01
6 43 3.744290e+01 2.887797e+01  1.078669759065087064e+01  1.127192790836745750e+01  1.472116249039154035e+01  2.014210292808776970e+01
7 50 2.863652e+01 2.775479e+01  1.078669759065087064e+01  1.091980451432002930e+01  1.477497237212307191e+01  2.793169212445912564e+01
8 57 2.592582e+01 2.438943e+01  1.078669759065087064e+01  1.086466066436116051e+01  1.193853458955052815e+01  1.538341149389937179e+01
9 64 2.426400e+01 2.518178e+01  1.078669759065087064e+01  1.145918689049964456e+01  1.441827301148027729e+01  2.047672364346866303e+01
10 71 1.989574e+01 2.552679e+01  1.078669759065087064e+01  1.091026012454087635e+01  1.180132757100149732e+01  1.575199672787775640e+01
11 78 1.525500e+01 2.523648e+01  1.078669759065087064e+01  1.090371699097360114e+01  1.119427163395866565e+01  1.746438871056918174e+01
12 85 1.282126e+01 2.479353e+01  1.078669759065087064e+01  1.078682532192395627e+01  1.144026992564611334e+01  1.318800388665372658e+01
13 92 1.480834e+01 1.893112e+01  1.078669759065087064e+01  1.079393551181049027e+01  1.093254656548342041e+01  1.120446530972762922e+01
14 99 1.347318e+01 1.795320e+01  1.078669759065087064e+01  1.078682828024658313e+01  1.098502269560411548e+01  1.120184617674291516e+01
15 106 1.159914e+01 1.627597e+01  1.078656843576751356e+01  1.078656843576751356e+01  1.087398343363924980e+01  1.155080332718558900e+01
16 113 1.456151e+01 1.153785e+01  1.078656843576751356e+01  1.086187295040751088e+01  1.105304584248917621e+01  1.111995748522164718e+01
17 120 1.501151e+01 1.019491e+01  1.078654061232854033e+01  1.078654061232854033e+01  1.094500044762945201e+01  1.136021244782715023e+01
18 127 1.192059e+01 9.704615e+00  1.078654061232854033e+01  1.078955458825769753e+01  1.080113822289723124e+01  1.116786596364085860e+01
19 134 1.161236e+01 8.573071e+00  1.078654061232854033e+01  1.079004987788574077e+01  1.092169425991587062e+01  1.176298145880962664e+01
20 141 9.116404e+00 8.358116e+00  1.078654061232854033e+01  1.078918971230291568e+01  1.088136928346761323e+01  1.098646681483117149e+01
21 148 8.498383e+00 7.646782e+00  1.078654061232854033e+01  1.079954340581240402e+01  1.081644159622003087e+01  1.087937148528084919e+01
22 155 7.527016e+00 6.760958e+00  1.078654061232854033e+01  1.078687497939246143e+01  1.079389217505351439e+01  1.080657158098106763e+01
23 162 7.729116e+00 5.443523e+00  1.078654061232854033e+01  1.078722933029719755e+01  1.080911265039472013e+01  1.086590616429290890e+01
24 169 6.067057e+00 5.162108e+00  1.078650430238516478e+01  1.078650430238516478e+01  1.078954235492849989e+01  1.085326260921346808e+01
25 176 4.589656e+00 5.152930e+00  1.078650430238516478e+01  1.078676030430510480e+01  1.078783115905024914e+01  1.081501037802951082e+01
26 183 3.406562e+00 5.210884e+00  1.078650430238516478e+01  1.078663948155956653e+01  1.078736069301588962e+01  1.080425193039661025e+01
27 190 2.902109e+00 5.031158e+00  1.078650430238516478e+01  1.078657210568559144e+01  1.078730448024987076e+01  1.079005407430353713e+01
28 197 2.311572e+00 4.906840e+00  1.078650430238516478e+01  1.078651551555934951e+01  1.078669363224243227e+01  1.078719778859152179e+01
29 204 1.887943e+00 4.766639e+00  1.078650430238516478e+01  1.078653225506599256e+01  1.078665564357090290e+01  1.078834357420388557e+01
30 211 1.451747e+00 4.709859e+00  1.078650430238516478e+01  1.078650442643903595e+01  1.078672938905298651e+01  1.078796412388377490e+01
31 218 1.566424e+00 3.827519e+00  1.078650430238516478e+01  1.078650507099560052e+01  1.078653553360688022e+01  1.078663663489430391e+01
32 225 1.268645e+00 3.606809e+00  1.078650430238516478e+01  1.078650792056254915e+01  1.078654886170187766e+01  1.078668582287349409e+01
33 232 9.650194e-01 3.485149e+00  1.078650430238516478e+01  1.078650466358539539e+01  1.078652644764603785e+01  1.078664919411189871e+01
34 239 7.698657e-01 3.352767e+00  1.078650430238516478e+01  1.078650637064575690e+01  1.078652290160467686e+01  1.078654956424523270e+01
35 246 6.877737e-01 2.867889e+00  1.078650430238516478e+01  1.078650455137569608e+01  1.078650620264127014e+01  1.078652034697409867e+01
36 253 5.895029e-01 2.610477e+00  1.078650430238516478e+01  1.078650431533886866e+01  1.078650626516598621e+01  1.078653800458954493e+01
37 260 4.499611e-01 2.564589e+00  1.078650430238516478e+01  1.078650432075621701e+01  1.078650858628010667e+01  1.078651073047303122e+01
38 267 4.362654e-01 2.245620e+00  1.078650430238516478e+01  1.078650456228893795e+01  1.078650693993512988e+01  1.078651581889863031e+01
39 274 4.252309e-01 1.849024e+00  1.078650428734393074e+01  1.078650428734393074e+01  1.078650467356982823e+01  1.078650682972926411e+01
40 281 3.132364e-01 1.823863e+00  1.078650428504377423e+01  1.078650428504377423e+01  1.078650431946326904e+01  1.078651475650434755e+01
41 288 2.287685e-01 1.820839e+00  1.078650428437722475e+01  1.078650428437722475e+01  1.078650495211256910e+01  1.078650822778956275e+01
42 295 2.066721e-01 1.621028e+00  1.078650428396469962e+01  1.078650428396469962e+01  1.078650430782568037e+01  1.078650471065255800e+01
43 302 2.716203e-01 1.115346e+00  1.078650428396469962e+01  1.078650428576208675e+01  1.078650431880925709e+01  1.078650452738819254e+01
44 309 2.461488e-01 1.060746e+00  1.078650428396469962e+01  1.078650432435766682e+01  1.078650451270621069e+01  1.078650537678513288e+01
45 316 2.457058e-01 1.114036e+00  1.078650428396469962e+01  1.078650429172799186e+01  1.078650436275533231e+01  1.078650515606060445e+01
46 323 2.457458e-01 1.228772e+00  1.078650428396469962e+01  1.078650428404549899e+01  1.078650432557417105e+01  1.078650445306420025e+01
47 330 1.976086e-01 1.331185e+00  1.078650428396469962e+01  1.078650428396488614e+01  1.078650430112131176e+01  1.078650441966201079e+01
48 337 1.458661e-01 1.361274e+00  1.078650428396469962e+01  1.078650428399076588e+01  1.078650431732797088e+01  1.078650439615431189e+01
49 344 1.097838e-01 1.362211e+00  1.078650428396469962e+01  1.078650428419160434e+01  1.078650430511136094e+01  1.078650436320974748e+01
50 351 8.999686e-02 1.430774e+00  1.078650428396469962e+01  1.078650428435104658e+01  1.078650429114204279e+01  1.078650430555229534e+01
51 358 6.395167e-02 1.479873e+00  1.078650428396469962e+01  1.078650428398010064e+01  1.078650428532881733e+01  1.078650429687228218e+01
52 365 4.706817e-02 1.488317e+00  1.078650428396469962e+01  1.078650428404874262e+01  1.078650428433168074e+01  1.078650428739240752e+01
53 372 4.156067e-02 1.540656e+00  1.078650428396469962e+01  1.078650428398272076e+01  1.078650428418312934e+01  1.078650428577973841e+01
54 379 4.219207e-02 1.799722e+00  1.078650428396074012e+01  1.078650428396074012e+01  1.078650428407141248e+01  1.078650428451259025e+01
55 386 4.149088e-02 2.026458e+00  1.078650428396074012e+01  1.078650428396074012e+01  1.078650428408010775e+01  1.078650428466490396e+01
56 393 5.076839e-02 2.713879e+00  1.078650428396074012e+01  1.078650428396079164e+01  1.078650428416922047e+01  1.078650428517149429e+01
57 400 4.617504e-02 2.840676e+00  1.078650428396074012e+01  1.078650428396428751e+01  1.078650428399355299e+01  1.078650428409015838e+01
58 407 4.109224e-02 3.017476e+00  1.078650428396074012e+01  1.078650428396132810e+01  1.078650428402038841e+01  1.078650428428055363e+01
59 414 3.636238e-02 3.382012e+00  1.078650428396074012e+01  1.078650428396285932e+01  1.078650428411985907e+01  1.078650428429869024e+01
60 421 3.658376e-02 4.084016e+00  1.078650428396054295e+01  1.078650428396054295e+01  1.078650428402111316e+01  1.078650428469792821e+01
61 428 2.993304e-02 4.046676e+00  1.078650428396054295e+01  1.078650428397584982e+01  1.078650428402618644e+01  1.078650428469639344e+01
62 435 2.662328e-02 4.223010e+00  1.078650428396054295e+01  1.078650428396139027e+01  1.078650428396598926e+01  1.078650428408211503e+01
63 442 2.483614e-02 4.477312e+00  1.078650428396054295e+01  1.078650428396096039e+01  1.078650428398891492e+01  1.078650428406988837e+01
64 449 2.810746e-02 4.675842e+00  1.078650428396054295e+01  1.078650428396996119e+01  1.078650428400346861e+01  1.078650428416176865e+01
65 456 2.187068e-02 4.546872e+00  1.078650428396053051e+01  1.078650428396053051e+01  1.078650428396172600e+01  1.078650428399083516e+01
66 463 1.919297e-02 4.975769e+00  1.078650428396053051e+01  1.078650428396320216e+01  1.078650428396923999e+01  1.078650428398014682e+01
67 470 1.834368e-02 5.540276e+00  1.078650428396052696e+01  1.078650428396052696e+01  1.078650428396135119e+01  1.078650428397907213e+01
68 477 1.378971e-02 5.580033e+00  1.078650428396052696e+01  1.078650428396057137e+01  1.078650428396414185e+01  1.078650428397707195e+01
69 484 1.089499e-02 5.542634e+00  1.078650428396052696e+01  1.078650428396087690e+01  1.078650428396309913e+01  1.078650428396621663e+01
70 491 9.756199e-03 5.789332e+00  1.078650428396052696e+01  1.078650428396097283e+01  1.078650428396287886e+01  1.078650428396625571e+01
71 498 8.176261e-03 6.040229e+00  1.078650428396052696e+01  1.078650428396052696e+01  1.078650428396124461e+01  1.078650428397201644e+01
72 505 7.291246e-03 5.856246e+00  1.078650428396052696e+01  1.078650428396055005e+01  1.078650428396129435e+01  1.078650428396329630e+01
73 512 5.960438e-03 6.017407e+00  1.078650428396052696e+01  1.078650428396053407e+01  1.078650428396084848e+01  1.078650428396264083e+01
74 519 6.097905e-03 7.347852e+00  1.078650428396052696e+01  1.078650428396054295e+01  1.078650428396080585e+01  1.078650428396112204e+01
75 526 5.341267e-03 7.427768e+00  1.078650428396052696e+01  1.078650428396052874e+01  1.078650428396059979e+01  1.078650428396082717e+01
76 533 6.271485e-03 9.702732e+00  1.078650428396052696e+01  1.078650428396056427e+01  1.078650428396071703e+01  1.078650428396107586e+01
77 540 7.185179e-03 1.194965e+01  1.078650428396052696e+01  1.078650428396054828e+01  1.078650428396057137e+01  1.078650428396065131e+01
78 547 8.298277e-03 1.470864e+01  1.078650428396052696e+01  1.078650428396052696e+01  1.078650428396068861e+01  1.078650428396105632e+01
79 554 6.714195e-03 1.461423e+01  1.078650428396052696e+01  1.078650428396053940e+01  1.078650428396065486e+01  1.078650428396109895e+01
80 561 5.099868e-03 1.446978e+01  1.078650428396052696e+01  1.078650428396053051e+01  1.078650428396056071e+01  1.078650428396098526e+01
81 568 4.593150e-03 1.588050e+01  1.078650428396052696e+01  1.078650428396053407e+01  1.078650428396054473e+01  1.078650428396082006e+01
82 575 3.456787e-03 1.595968e+01  1.078650428396052696e+01  1.078650428396052696e+01  1.078650428396055538e+01  1.078650428396056959e+01
83 582 2.467270e-03 1.603950e+01  1.078650428396051808e+01  1.078650428396051808e+01  1.078650428396054295e+01  1.078650428396057315e+01
84 589 2.874005e-03 2.065691e+01  1.078650428396051808e+01  1.078650428396052519e+01  1.078650428396053229e+01  1.078650428396054295e+01
85 596 2.755647e-03 1.946733e+01  1.078650428396051808e+01  1.078650428396052874e+01  1.078650428396053584e+01  1.078650428396056249e+01
86 603 2.566971e-03 2.188283e+01  1.078650428396051808e+01  1.078650428396052519e+01  1.078650428396053584e+01  1.078650428396054295e+01
1 618 5.725339e+01 5.294418e+01  1.078650428396051808e+01  1.197607289793807261e+01  2.114236444409996452e+01  2.897989266635987704e+01
2 631 5.879746e+01 3.759382e+01  1.078650428396051808e+01  1.116165444916090799e+01  2.014210292808776970e+01  2.350894043447179982e+01
3 644 5.134484e+01 3.059595e+01  1.078650428396051808e+01  1.097504578131954212e+01  2.014210292808776970e+01  2.827972263014726551e+01
4 657 3.764969e+01 3.032510e+01  1.078650428396051808e+01  1.105570471967592994e+01  1.856541761380004374e+01  2.844364827192217504e+01
5 670 2.997053e+01 3.000969e+01  1.078650428396051808e+01  1.109563222014831219e+01  1.638735762716022393e+01  2.840205803718236766e+01
6 683 2.383034e+01 2.546549e+01  1.078650428396051808e+01  1.078681275851316812e+01  1.287088716179815506e+01  2.014210292808776970e+01
7 696 1.776486e+01 2.419231e+01  1.078650428396051808e+01  1.078847041931451223e+01  1.127010499696549672e+01  1.477557011494595862e+01
8 709 1.481319e+01 2.144239e+01  1.078650428396051808e+01  1.079901906504061060e+01  1.150811846061684562e+01  1.505989279902279421e+01
9 722 1.339816e+01 1.832931e+01  1.078650428396051808e+01  1.078720525893489146e+01  1.096738919088110542e+01  1.417312192308961194e+01
10 735 1.470361e+01 1.372226e+01  1.078650428396051808e+01  1.078817966216712776e+01  1.097151378892234419e+01  1.189697112858379313e+01
11 748 1.176684e+01 1.190327e+01  1.078650428396051808e+01  1.080141713156001693e+01  1.090318516649906577e+01  1.172220837321613551e+01
12 761 1.291382e+01 9.168016e+00  1.078650428396051808e+01  1.078926608073680882e+01  1.084643281522705749e+01  1.112436242847387646e+01
13 774 1.179826e+01 7.416295e+00  1.078650428396051808e+01  1.078819150744593891e+01  1.081747572980969352e+01  1.100335553734341865e+01
14 787 8.601504e+00 7.331689e+00  1.078650428396051808e+01  1.078664671408665043e+01  1.081440771096357523e+01  1.100981417016663677e+01
15 800 6.126183e+00 6.667737e+00  1.078650428396051808e+01  1.078696640280409191e+01  1.078826869826889023e+01  1.081780081087789291e+01
16 813 6.644219e+00 5.775190e+00  1.078650428396051808e+01  1.078651074085570194e+01  1.078998116564426368e+01  1.082480995487210329e+01
17 826 7.675940e+00 4.171177e+00  1.078650428396051808e+01  1.078651590505232960e+01  1.078735312335590812e+01  1.079292943442173502e+01
18 839 6.045849e+00 3.908468e+00  1.078650428396051808e+01  1.078672885354159128e+01  1.079079134182361699e+01  1.080393139313977713e+01
19 852 9.523004e+00 3.202008e+00  1.078650428396051808e+01  1.078651159873786547e+01  1.078685558212992390e+01  1.080155807707351201e+01
20 865 1.060179e+01 2.996304e+00  1.078650428396051808e+01  1.078656526138187211e+01  1.078840501282435937e+01  1.079852273332673640e+01
21 878 8.021684e+00 2.283791e+00  1.078650428396051808e+01  1.078666963911698495e+01  1.078899094262805747e+01  1.081368297400875100e+01
22 891 8.167302e+00 1.655889e+00  1.078650428396051808e+01  1.078650954163280495e+01  1.078691550221832429e+01  1.078873581878095322e+01
23 904 6.151668e+00 1.588843e+00  1.078650428396051808e+01  1.078650475071046699e+01  1.078680854586730042e+01  1.079005829204769640e+01
24 917 5.790209e+00 1.258725e+00  1.078650428396051808e+01  1.078651542646951000e+01  1.078664141738481419e+01  1.078913449220089227e+01
25 930 4.203211e+00 1.151366e+00  1.078650428396051808e+01  1.078650434192362972e+01  1.078656474529135423e+01  1.078682413947730012e+01
26 943 3.508201e+00 1.093093e+00  1.078650428396051808e+01  1.078650478801842993e+01  1.078661145367885865e+01  1.078700559147895000e+01
27 956 2.459273e+00 1.227769e+00  1.078650428396051808e+01  1.078650430284459283e+01  1.078652225410802146e+01  1.078665700260374471e+01
28 969 2.510185e+00 1.572400e+00  1.078650428396051808e+01  1.078650428469933864e+01  1.078650724243762404e+01  1.078651930561057348e+01
29 982 2.221913e+00 1.843091e+00  1.078650428396051808e+01  1.078650435050872858e+01  1.078650682959860418e+01  1.078656675266350184e+01
30 995 1.797972e+00 1.992598e+00  1.078650428396051808e+01  1.078650441993361397e+01  1.078650555008740497e+01  1.078651019957196056e+01
31 1008 1.404549e+00 2.317115e+00  1.078650428396051808e+01  1.078650429226466656e+01  1.078650472861088971e+01  1.078651140180752499e+01
32 1021 1.142388e+00 2.500776e+00  1.078650428396051808e+01  1.078650429268641808e+01  1.078650486585565105e+01  1.078650730958296400e+01
33 1034 9.632206e-01 2.831314e+00  1.078650428396051808e+01  1.078650428639850034e+01  1.078650439144833584e+01  1.078650653961513939e+01
34 1047 7.204932e-01 2.962013e+00  1.078650428396051808e+01  1.078650428425741126e+01  1.078650441900210666e+01  1.078650478447642058e+01
35 1060 7.594408e-01 3.745858e+00  1.078650428396051808e+01  1.078650428398423422e+01  1.078650434257430035e+01  1.078650458565195969e+01
36 1073 6.986573e-01 4.324632e+00  1.078650428396051808e+01  1.078650428416315599e+01  1.078650429653934495e+01  1.078650448429747755e+01
37 1086 6.754723e-01 5.705314e+00  1.078650428396051808e+01  1.078650428396423955e+01  1.078650430626505141e+01  1.078650448357825908e+01
38 1099 8.651171e-01 8.297926e+00  1.078650428396051808e+01  1.078650428399105365e+01  1.078650429725385607e+01  1.078650439208678335e+01
39 1112 1.457883e+00 1.050952e+01  1.078650428396051808e+01  1.078650428457819999e+01  1.078650429638722663e+01  1.078650441301094354e+01
40 1125 1.141927e+00 1.099378e+01  1.078650428396051808e+01  1.078650428407646267e+01  1.078650431736141435e+01  1.078650453431292178e+01
41 1138 1.059918e+00 1.360727e+01  1.078650428396051808e+01  1.078650428408579209e+01  1.078650430162351448e+01  1.078650438017547053e+01
42 1151 7.622838e-01 1.503445e+01  1.078650428396051808e+01  1.078650428396285399e+01  1.078650428599354250e+01  1.078650433897928806e+01
43 1164 9.739796e-01 2.269119e+01  1.078650428396051808e+01  1.078650428396069394e+01  1.078650428481474144e+01  1.078650429231803365e+01
44 1177 1.421877e+00 3.594236e+01  1.078650428396051808e+01  1.078650428449188325e+01  1.078650428777279302e+01  1.078650431907688478e+01
45 1190 1.341502e+00 4.287200e+01  1.078650428396051808e+01  1.078650428397505578e+01  1.078650428749778101e+01  1.078650430147459005e+01
46 1203 1.080179e+00 4.134276e+01  1.078650428396051808e+01  1.078650428429612518e+01  1.078650428782493087e+01  1.078650429791739818e+01
47 1216 1.229264e+00 5.906603e+01  1.078650428396051808e+01  1.078650428396139205e+01  1.078650428525985916e+01  1.078650429232480867e+01
48 1229 1.045094e+00 6.704355e+01  1.078650428396051808e+01  1.078650428396249339e+01  1.078650428486435153e+01  1.078650429011140233e+01
49 1242 8.524243e-01 7.087210e+01  1.078650428396051808e+01  1.078650428398401040e+01  1.078650428481096668e+01  1.078650428734964706e+01
50 1255 6.502901e-01 7.397235e+01  1.078650428396051808e+01  1.078650428397468453e+01  1.078650428426673713e+01  1.078650428554045071e+01
51 1268 5.077001e-01 7.962585e+01  1.078650428396051808e+01  1.078650428396332472e+01  1.078650428406172068e+01  1.078650428444395359e+01
52 1281 4.410374e-01 9.629541e+01  1.078650428396051808e+01  1.078650428396114158e+01  1.078650428398979599e+01  1.078650428404777450e+01
53 1294 4.934208e-01 1.280876e+02  1.078650428396051808e+01  1.078650428396090888e+01  1.078650428398584893e+01  1.078650428418013263e+01
54 1307 4.137720e-01 1.397281e+02  1.078650428396051808e+01  1.078650428396067618e+01  1.078650428398171179e+01  1.078650428406786155e+01
55 1320 3.651149e-01 1.558250e+02  1.078650428396051808e+01  1.078650428396053229e+01  1.078650428396501937e+01  1.078650428400634453e+01
56 1333 3.493550e-01 1.908268e+02  1.078650428396051808e+01  1.078650428396054295e+01  1.078650428396468186e+01  1.078650428402420047e+01
57 1346 3.434384e-01 2.313074e+02  1.078650428396051808e+01  1.078650428396053762e+01  1.078650428396426975e+01  1.078650428397888383e+01
58 1359 2.862015e-01 2.632707e+02  1.078650428396051808e+01  1.078650428396054295e+01  1.078650428396212391e+01  1.078650428397486571e+01
59 1372 2.251254e-01 2.615941e+02  1.078650428396051808e+01  1.078650428396053229e+01  1.078650428396147731e+01  1.078650428396704797e+01
60 1385 2.203653e-01 3.393889e+02  1.078650428396051808e+01  1.078650428396052874e+01  1.078650428396059624e+01  1.078650428396415606e+01
61 1398 1.810133e-01 3.700734e+02  1.078650428396051808e+01  1.078650428396055183e+01  1.078650428396060867e+01  1.078650428396212035e+01
62 1411 1.345389e-01 3.883477e+02  1.078650428396051808e+01  1.078650428396052163e+01  1.078650428396066374e+01  1.078650428396202798e+01
63 1424 1.093484e-01 4.072153e+02  1.078650428396051808e+01  1.078650428396052696e+01  1.078650428396054650e+01  1.078650428396069394e+01
64 1437 8.541148e-02 4.260150e+02  1.078650428396051808e+01  1.078650428396053584e+01  1.078650428396061045e+01  1.078650428396104388e+01
65 1450 1.150489e-01 6.835254e+02  1.078650428396051808e+01  1.078650428396052519e+01  1.078650428396053407e+01  1.078650428396055894e+01
66 1463 1.257818e-01 8.173613e+02  1.078650428396051808e+01  1.078650428396053407e+01  1.078650428396056427e+01  1.078650428396060335e+01
1 1491 4.466293e+01 3.437102e+01  1.078650428396051808e+01  1.079608652167502925e+01  1.954498462143621396e+01  2.594955839962056032e+01
2 1517 4.957843e+01 2.043324e+01  1.078650428396051808e+01  1.103890226693916077e+01  1.983137318568487473e+01  2.869655119213234684e+01
3 1543 4.799095e+01 1.500831e+01  1.078650428396051808e+01  1.086367581606162247e+01  1.800865926194411415e+01  2.865301244426235172e+01
4 1569 4.481423e+01 1.123879e+01  1.078650428396051808e+01  1.078838821873416265e+01  1.523372734781326088e+01  2.948999989429685797e+01
5 1595 4.001008e+01 8.333296e+00  1.078650428396051808e+01  1.079586160031182018e+01  1.335822712927608791e+01  2.014210292808776970e+01
6 1621 5.104732e+01 5.529688e+00  1.078650428396051808e+01  1.084438349495753151e+01  1.156236555957003809e+01  2.049868196922689734e+01
7 1647 4.535550e+01 4.955402e+00  1.078650428396051808e+01  1.081334972444772369e+01  1.140335492184114763e+01  1.953126121950090877e+01
8 1673 4.267668e+01 3.987130e+00  1.078650428396051808e+01  1.078653323658244467e+01  1.101813260009938311e+01  1.391430204017425076e+01
9 1699 3.584956e+01 3.081228e+00  1.078650428396051808e+01  1.078836863710452754e+01  1.087858042101265532e+01  1.170715247758888289e+01
10 1725 3.022181e+01 2.517389e+00  1.078650428396051808e+01  1.078655060092291329e+01  1.082569245199691110e+01  1.109623422630045653e+01
11 1751 2.444576e+01 1.606784e+00  1.078650428396051808e+01  1.078651474220547613e+01  1.080261625801322722e+01  1.103994375556105645e+01
12 1777 2.227924e+01 1.282897e+00  1.078650428396051808e+01  1.078660840555295408e+01  1.078844090533197431e+01  1.087011068263862867e+01
13 1803 1.853396e+01 1.561068e+00  1.078650428396051808e+01  1.078650444185320723e+01  1.078849313452334968e+01  1.080685791027662113e+01
14 1829 1.529476e+01 2.043217e+00  1.078650428396051808e+01  1.078650487105120881e+01  1.078726512038214835e+01  1.079679874895563607e+01
15 1855 1.396565e+01 2.356604e+00  1.078650428396051808e+01  1.078652319922828440e+01  1.078680061107986177e+01  1.078942440581286633e+01
16 1881 1.389571e+01 3.322577e+00  1.078650428396051808e+01  1.078650428467854461e+01  1.078658108132311000e+01  1.078692331763504164e+01
17 1907 1.162222e+01 4.378949e+00  1.078650428396051808e+01  1.078650438853494542e+01  1.078654766243522189e+01  1.078685690713235878e+01
18 1933 1.290618e+01 6.544682e+00  1.078650428396051808e+01  1.078650430018023876e+01  1.078652356814578539e+01  1.078662474457856568e+01
19 1959 1.135423e+01 9.086189e+00  1.078650428396051808e+01  1.078650428402960415e+01  1.078651096284276534e+01  1.078661621459705700e+01
20 1985 9.095904e+00 1.155904e+01  1.078650428396051808e+01  1.078650428447594933e+01  1.078650805506106636e+01  1.078652728106931136e+01
21 2011 1.034571e+01 1.935988e+01  1.078650428396051808e+01  1.078650428946177087e+01  1.078650674439353807e+01  1.078652776112110345e+01
22 2037 7.952039e+00 3.417473e+01  1.078650428396051808e+01  1.078650428410764661e+01  1.078650472573079711e+01  1.078650728336228681e+01
23 2063 6.389259e+00 3.950101e+01  1.078650428396051808e+01  1.078650428437731534e+01  1.078650448268115802e+01  1.078650571460764418e+01
24 2089 5.245167e+00 4.999827e+01  1.078650428396051808e+01  1.078650428439066467e+01  1.078650433332686198e+01  1.078650483498666368e+01
25 2115 4.491271e+00 5.975842e+01  1.078650428396051808e+01  1.078650428396135652e+01  1.078650430605122779e+01  1.078650442564742029e+01
26 2141 3.389048e+00 7.992381e+01  1.078650428396051808e+01  1.078650428402002248e+01  1.078650428708747100e+01  1.078650433196024139e+01
27 2167 3.147755e+00 9.930633e+01  1.078650428396051808e+01  1.078650428396855432e+01  1.078650428607430278e+01  1.078650429608393857e+01
28 2193 2.984686e+00 1.317837e+02  1.078650428396051808e+01  1.078650428396147198e+01  1.078650428423602392e+01  1.078650428935686278e+01
29 2219 2.781728e+00 1.578159e+02  1.078650428396051808e+01  1.078650428396198535e+01  1.078650428438060871e+01  1.078650428615055290e+01
30 2245 2.216728e+00 2.401739e+02  1.078650428396051808e+01  1.078650428396053584e+01  1.078650428406558248e+01  1.078650428472010958e+01
31 2271 1.947664e+00 2.933969e+02  1.078650428396051808e+01  1.078650428396054828e+01  1.078650428398374750e+01  1.078650428420134766e+01
32 2297 1.618463e+00 4.084066e+02  1.078650428396051808e+01  1.078650428396053229e+01  1.078650428397649641e+01  1.078650428403128458e+01
33 2323 1.358175e+00 5.286371e+02  1.078650428396051808e+01  1.078650428396061756e+01  1.078650428396352723e+01  1.078650428400764838e+01
34 2349 1.320487e+00 8.771366e+02  1.078650428396051808e+01  1.078650428396052519e+01  1.078650428396180061e+01  1.078650428397474847e+01
35 2375 1.030411e+00 1.368289e+03  1.078650428396051808e+01  1.078650428396053584e+01  1.078650428396104743e+01  1.078650428397103589e+01
36 2401 9.720574e-01 1.898112e+03  1.078650428396051808e+01  1.078650428396053407e+01  1.078650428396073657e+01  1.078650428396214522e+01
37 2427 1.120050e+00 3.215888e+03  1.078650428396051808e+01  1.078650428396052696e+01  1.078650428396058913e+01  1.078650428396176153e+01
38 2453 1.352948e+00 5.373881e+03  1.078650428396051808e+01  1.078650428396051986e+01  1.078650428396056604e+01  1.078650428396133698e+01
39 2479 1.260403e+00 6.780481e+03  1.078650428396051808e+01  1.078650428396052341e+01  1.078650428396058203e+01  1.078650428396083960e+01
40 2505 1.191710e+00 9.017060e+03  1.078650428396051808e+01  1.078650428396051986e+01  1.078650428396054473e+01  1.078650428396075966e+01
41 2531 1.334270e+00 1.544914e+04  1.078650428396051808e+01  1.078650428396053051e+01  1.078650428396054295e+01  1.078650428396057492e+01
42 2557 1.127183e+00 1.930511e+04  1.078650428396051808e+01  1.078650428396052163e+01  1.078650428396053584e+01  1.078650428396056959e+01
1 2610 4.910577e+01 4.178303e+01  1.078650428396051808e+01  1.080009877517388617e+01  2.093481849603200118e+01  2.948562569896434127e+01
2 2661 4.613002e+01 3.095978e+01  1.078650428396051808e+01  1.085005340625179926e+01  2.014210292808776970e+01  2.949009159810096037e+01
3 2712 3.822271e+01 2.240853e+01  1.078650428396051808e+01  1.079393289906304609e+01  1.705836525845905172e+01  2.915631757176706884e+01
4 2763 3.715118e+01 1.304130e+01  1.078650428396051808e+01  1.079066358647351009e+01  1.169595123284114457e+01  1.774335289678279892e+01
5 2814 3.368320e+01 5.725958e+00  1.078650428396051808e+01  1.078722060673059424e+01  1.099089851012232444e+01  1.440427259197303123e+01
6 2865 3.418987e+01 2.316966e+00  1.078650428396051808e+01  1.078654768332998160e+01  1.081968759362476540e+01  1.110727191925607649e+01
7 2916 2.968897e+01 1.203729e+00  1.078650428396051808e+01  1.078650552171438370e+01  1.079779731526824982e+01  1.084906691912807020e+01
8 2967 2.566512e+01 1.519567e+00  1.078650428396051808e+01  1.078650439038428033e+01  1.078771439990109826e+01  1.079488818045818554e+01
9 3018 2.310890e+01 2.889585e+00  1.078650428396051808e+01  1.078650435037851274e+01  1.078666932445420201e+01  1.078878619883781376e+01
10 3069 2.063291e+01 5.861970e+00  1.078650428396051808e+01  1.078650430198680610e+01  1.078653277946225586e+01  1.078673642671268773e+01
11 3120 2.080667e+01 1.430179e+01  1.078650428396051808e+01  1.078650428511585169e+01  1.078650796878409679e+01  1.078657065902218015e+01
12 3171 1.764339e+01 2.566376e+01  1.078650428396051808e+01  1.078650428443672027e+01  1.078650495922770958e+01  1.078651314288175023e+01
13 3222 1.548003e+01 5.418974e+01  1.078650428396051808e+01  1.078650428396391092e+01  1.078650434368945810e+01  1.078650661621671958e+01
14 3273 1.346468e+01 1.223685e+02  1.078650428396051808e+01  1.078650428414382567e+01  1.078650429752468831e+01  1.078650443496755429e+01
15 3324 1.556594e+01 2.776993e+02  1.078650428396051808e+01  1.078650428396066019e+01  1.078650428699218367e+01  1.078650431393708864e+01
16 3375 1.294971e+01 7.821633e+02  1.078650428396051808e+01  1.078650428396144179e+01  1.078650428446222342e+01  1.078650428822876783e+01
17 3426 1.154899e+01 1.948748e+03  1.078650428396051808e+01  1.078650428396055005e+01  1.078650428401691741e+01  1.078650428483511092e+01
18 3477 1.158681e+01 4.126454e+03  1.078650428396051808e+01  1.078650428396055005e+01  1.078650428397055094e+01  1.078650428409597772e+01
19 3528 1.345548e+01 1.063490e+04  1.078650428396051808e+01  1.078650428396052696e+01  1.078650428396324656e+01  1.078650428400216477e+01
20 3579 1.703003e+01 1.988555e+04  1.078650428396051808e+01  1.078650428396053584e+01  1.078650428396155547e+01  1.078650428397121708e+01
21 3630 1.717616e+01 4.104933e+04  1.078650428396051808e+01  1.078650428396053051e+01  1.078650428396094085e+01  1.078650428396470673e+01
22 3681 1.428802e+01 8.206220e+04  1.078650428396051808e+01  1.078650428396053051e+01  1.078650428396058913e+01  1.078650428396180239e+01
23 3732 1.486260e+01 1.672903e+05  1.078650428396051808e+01  1.078650428396052341e+01  1.078650428396053940e+01  1.078650428396064775e+01
24 3783 1.255641e+01 2.684241e+05  1.078650428396051808e+01  1.078650428396051808e+01  1.078650428396053762e+01  1.078650428396056604e+01
25 3834 1.230594e+01 2.890442e+05  1.078650428396051808e+01  1.078650428396052163e+01  1.078650428396053584e+01  1.078650428396055716e+01
26 3885 1.170821e+01 4.191156e+05  1.078650428396051808e+01  1.078650428396051986e+01  1.078650428396053229e+01  1.078650428396054828e+01
