%  columns="iteration, evaluation, fitness, void, void, xrecentbest" (startseed=216069, 2022/07/21 16:55:39.70)
1 8  1.078669759065087064e+01 0 0 2.695862e+01 3.445054e+00 
2 15  1.407480018411433775e+01 0 0 1.240267e+01 3.398949e+00 
3 22  1.194102174646078929e+01 0 0 3.379350e+01 3.859121e+00 
4 29  1.293342918086394100e+01 0 0 3.644697e+01 2.766053e+00 
5 36  1.091874640609933955e+01 0 0 2.927616e+01 1.964421e+00 
6 43  1.127192790836745750e+01 0 0 2.072288e+01 1.681279e+00 
7 50  1.091980451432002930e+01 0 0 2.480230e+01 2.196093e+00 
8 57  1.086466066436116051e+01 0 0 2.875782e+01 3.152365e+00 
9 64  1.145918689049964456e+01 0 0 1.974298e+01 2.792011e+00 
10 71  1.091026012454087635e+01 0 0 2.920292e+01 2.462227e+00 
11 78  1.090371699097360114e+01 0 0 2.494268e+01 2.790838e+00 
12 85  1.078682532192395627e+01 0 0 2.693406e+01 2.661700e+00 
13 92  1.079393551181049027e+01 0 0 2.651603e+01 2.391385e+00 
14 99  1.078682828024658313e+01 0 0 2.693355e+01 2.319066e+00 
15 106  1.078656843576751356e+01 0 0 2.699470e+01 2.610018e+00 
16 113  1.086187295040751088e+01 0 0 2.872686e+01 2.939186e+00 
17 120  1.078654061232854033e+01 0 0 2.708060e+01 2.812289e+00 
18 127  1.078955458825769753e+01 0 0 2.738176e+01 3.020239e+00 
19 134  1.079004987788574077e+01 0 0 2.667926e+01 3.095908e+00 
20 141  1.078918971230291568e+01 0 0 2.672654e+01 3.142467e+00 
21 148  1.079954340581240402e+01 0 0 2.774279e+01 3.098734e+00 
22 155  1.078687497939246143e+01 0 0 2.716155e+01 2.889674e+00 
23 162  1.078722933029719755e+01 0 0 2.720852e+01 3.201645e+00 
24 169  1.078650430238516478e+01 0 0 2.704455e+01 2.941659e+00 
25 176  1.078676030430510480e+01 0 0 2.694579e+01 3.032843e+00 
26 183  1.078663948155956653e+01 0 0 2.711488e+01 3.038843e+00 
27 190  1.078657210568559144e+01 0 0 2.709412e+01 2.992181e+00 
28 197  1.078651551555934951e+01 0 0 2.706423e+01 3.024820e+00 
29 204  1.078653225506599256e+01 0 0 2.701135e+01 3.004707e+00 
30 211  1.078650442643903595e+01 0 0 2.704603e+01 2.997359e+00 
31 218  1.078650507099560052e+01 0 0 2.703829e+01 2.992678e+00 
32 225  1.078650792056254915e+01 0 0 2.705539e+01 3.009837e+00 
33 232  1.078650466358539539e+01 0 0 2.703995e+01 2.990610e+00 
34 239  1.078650637064575690e+01 0 0 2.705256e+01 2.999283e+00 
35 246  1.078650455137569608e+01 0 0 2.704055e+01 3.006170e+00 
36 253  1.078650431533886866e+01 0 0 2.704480e+01 2.991393e+00 
37 260  1.078650432075621701e+01 0 0 2.704254e+01 2.991916e+00 
38 267  1.078650456228893795e+01 0 0 2.704049e+01 2.999228e+00 
39 274  1.078650428734393074e+01 0 0 2.704407e+01 2.989921e+00 
40 281  1.078650428504377423e+01 0 0 2.704351e+01 2.994047e+00 
41 288  1.078650428437722475e+01 0 0 2.704359e+01 2.993572e+00 
42 295  1.078650428396469962e+01 0 0 2.704373e+01 2.993967e+00 
43 302  1.078650428576208675e+01 0 0 2.704398e+01 2.997412e+00 
44 309  1.078650432435766682e+01 0 0 2.704495e+01 2.995336e+00 
45 316  1.078650429172799186e+01 0 0 2.704426e+01 3.000467e+00 
46 323  1.078650428404549899e+01 0 0 2.704377e+01 2.999873e+00 
47 330  1.078650428396488614e+01 0 0 2.704373e+01 2.996383e+00 
48 337  1.078650428399076588e+01 0 0 2.704375e+01 2.997277e+00 
49 344  1.078650428419160434e+01 0 0 2.704362e+01 2.997952e+00 
50 351  1.078650428435104658e+01 0 0 2.704360e+01 2.998317e+00 
51 358  1.078650428398010064e+01 0 0 2.704369e+01 2.998616e+00 
52 365  1.078650428404874262e+01 0 0 2.704377e+01 2.998410e+00 
53 372  1.078650428398272076e+01 0 0 2.704369e+01 2.998408e+00 
54 379  1.078650428396074012e+01 0 0 2.704372e+01 2.998478e+00 
55 386  1.078650428396074012e+01 0 0 2.704371e+01 2.998551e+00 
56 393  1.078650428396079164e+01 0 0 2.704371e+01 2.999006e+00 
57 400  1.078650428396428751e+01 0 0 2.704370e+01 2.998883e+00 
58 407  1.078650428396132810e+01 0 0 2.704371e+01 2.999146e+00 
59 414  1.078650428396285932e+01 0 0 2.704373e+01 2.998772e+00 
60 421  1.078650428396054295e+01 0 0 2.704372e+01 2.998426e+00 
61 428  1.078650428397584982e+01 0 0 2.704369e+01 2.998876e+00 
62 435  1.078650428396139027e+01 0 0 2.704371e+01 2.998689e+00 
63 442  1.078650428396096039e+01 0 0 2.704372e+01 2.998692e+00 
64 449  1.078650428396996119e+01 0 0 2.704370e+01 2.998523e+00 
65 456  1.078650428396053051e+01 0 0 2.704372e+01 2.998638e+00 
66 463  1.078650428396320216e+01 0 0 2.704373e+01 2.998735e+00 
67 470  1.078650428396052696e+01 0 0 2.704372e+01 2.998686e+00 
68 477  1.078650428396057137e+01 0 0 2.704372e+01 2.998740e+00 
69 484  1.078650428396087690e+01 0 0 2.704372e+01 2.998689e+00 
70 491  1.078650428396097283e+01 0 0 2.704372e+01 2.998675e+00 
71 498  1.078650428396052696e+01 0 0 2.704372e+01 2.998662e+00 
72 505  1.078650428396055005e+01 0 0 2.704372e+01 2.998692e+00 
73 512  1.078650428396053407e+01 0 0 2.704372e+01 2.998698e+00 
74 519  1.078650428396054295e+01 0 0 2.704372e+01 2.998662e+00 
75 526  1.078650428396052874e+01 0 0 2.704372e+01 2.998675e+00 
76 533  1.078650428396056427e+01 0 0 2.704372e+01 2.998642e+00 
77 540  1.078650428396054828e+01 0 0 2.704372e+01 2.998617e+00 
78 547  1.078650428396052696e+01 0 0 2.704372e+01 2.998618e+00 
79 554  1.078650428396053940e+01 0 0 2.704372e+01 2.998618e+00 
80 561  1.078650428396053051e+01 0 0 2.704372e+01 2.998622e+00 
81 568  1.078650428396053407e+01 0 0 2.704372e+01 2.998640e+00 
82 575  1.078650428396052696e+01 0 0 2.704372e+01 2.998629e+00 
83 582  1.078650428396051808e+01 0 0 2.704372e+01 2.998631e+00 
84 589  1.078650428396052519e+01 0 0 2.704372e+01 2.998624e+00 
85 596  1.078650428396052874e+01 0 0 2.704372e+01 2.998637e+00 
86 603  1.078650428396052519e+01 0 0 2.704372e+01 2.998635e+00 
1 618  1.197607289793807261e+01 0 0 1.780835e+01 3.571067e+00 
2 631  1.116165444916090799e+01 0 0 2.149864e+01 2.441835e+00 
3 644  1.097504578131954212e+01 0 0 2.437464e+01 4.651116e+00 
4 657  1.105570471967592994e+01 0 0 3.023893e+01 3.650593e+00 
5 670  1.109563222014831219e+01 0 0 2.215214e+01 3.046894e+00 
6 683  1.078681275851316812e+01 0 0 2.693622e+01 2.453936e+00 
7 696  1.078847041931451223e+01 0 0 2.677233e+01 2.999160e+00 
8 709  1.079901906504061060e+01 0 0 2.772858e+01 2.793101e+00 
9 722  1.078720525893489146e+01 0 0 2.720576e+01 3.319870e+00 
10 735  1.078817966216712776e+01 0 0 2.729424e+01 3.408696e+00 
11 748  1.080141713156001693e+01 0 0 2.629607e+01 3.551908e+00 
12 761  1.078926608073680882e+01 0 0 2.736537e+01 3.004266e+00 
13 774  1.078819150744593891e+01 0 0 2.729512e+01 3.153717e+00 
14 787  1.078664671408665043e+01 0 0 2.697067e+01 3.163844e+00 
15 800  1.078696640280409191e+01 0 0 2.691215e+01 3.085022e+00 
16 813  1.078651074085570194e+01 0 0 2.702816e+01 3.054641e+00 
17 826  1.078651590505232960e+01 0 0 2.706458e+01 3.039885e+00 
18 839  1.078672885354159128e+01 0 0 2.713543e+01 3.058437e+00 
19 852  1.078651159873786547e+01 0 0 2.702716e+01 2.907550e+00 
20 865  1.078656526138187211e+01 0 0 2.709151e+01 2.889080e+00 
21 878  1.078666963911698495e+01 0 0 2.712242e+01 3.111447e+00 
22 891  1.078650954163280495e+01 0 0 2.702968e+01 3.033744e+00 
23 904  1.078650475071046699e+01 0 0 2.704790e+01 2.996522e+00 
24 917  1.078651542646951000e+01 0 0 2.706415e+01 3.025629e+00 
25 930  1.078650434192362972e+01 0 0 2.704519e+01 2.939478e+00 
26 943  1.078650478801842993e+01 0 0 2.704806e+01 3.010151e+00 
27 956  1.078650430284459283e+01 0 0 2.704456e+01 2.990652e+00 
28 969  1.078650428469933864e+01 0 0 2.704388e+01 3.028656e+00 
29 982  1.078650435050872858e+01 0 0 2.704530e+01 3.054201e+00 
30 995  1.078650441993361397e+01 0 0 2.704146e+01 3.008879e+00 
31 1008  1.078650429226466656e+01 0 0 2.704427e+01 3.000027e+00 
32 1021  1.078650429268641808e+01 0 0 2.704429e+01 3.009747e+00 
33 1034  1.078650428639850034e+01 0 0 2.704341e+01 3.002346e+00 
34 1047  1.078650428425741126e+01 0 0 2.704361e+01 3.008718e+00 
35 1060  1.078650428398423422e+01 0 0 2.704369e+01 3.015435e+00 
36 1073  1.078650428416315599e+01 0 0 2.704380e+01 3.017052e+00 
37 1086  1.078650428396423955e+01 0 0 2.704370e+01 3.020535e+00 
38 1099  1.078650428399105365e+01 0 0 2.704368e+01 3.025372e+00 
39 1112  1.078650428457819999e+01 0 0 2.704387e+01 3.031537e+00 
40 1125  1.078650428407646267e+01 0 0 2.704365e+01 3.022124e+00 
41 1138  1.078650428408579209e+01 0 0 2.704365e+01 3.014073e+00 
42 1151  1.078650428396285399e+01 0 0 2.704373e+01 3.014455e+00 
43 1164  1.078650428396069394e+01 0 0 2.704372e+01 3.012732e+00 
44 1177  1.078650428449188325e+01 0 0 2.704386e+01 3.003690e+00 
45 1190  1.078650428397505578e+01 0 0 2.704374e+01 2.982028e+00 
46 1203  1.078650428429612518e+01 0 0 2.704360e+01 2.996327e+00 
47 1216  1.078650428396139205e+01 0 0 2.704372e+01 3.027864e+00 
48 1229  1.078650428396249339e+01 0 0 2.704372e+01 2.987619e+00 
49 1242  1.078650428398401040e+01 0 0 2.704375e+01 3.015840e+00 
50 1255  1.078650428397468453e+01 0 0 2.704374e+01 3.014341e+00 
51 1268  1.078650428396332472e+01 0 0 2.704373e+01 3.015267e+00 
52 1281  1.078650428396114158e+01 0 0 2.704372e+01 3.017828e+00 
53 1294  1.078650428396090888e+01 0 0 2.704372e+01 3.016992e+00 
54 1307  1.078650428396067618e+01 0 0 2.704371e+01 3.012659e+00 
55 1320  1.078650428396053229e+01 0 0 2.704372e+01 3.012024e+00 
56 1333  1.078650428396054295e+01 0 0 2.704372e+01 3.010525e+00 
57 1346  1.078650428396053762e+01 0 0 2.704372e+01 3.008466e+00 
58 1359  1.078650428396054295e+01 0 0 2.704372e+01 3.008857e+00 
59 1372  1.078650428396053229e+01 0 0 2.704372e+01 3.009450e+00 
60 1385  1.078650428396052874e+01 0 0 2.704372e+01 3.011797e+00 
61 1398  1.078650428396055183e+01 0 0 2.704372e+01 3.010758e+00 
62 1411  1.078650428396052163e+01 0 0 2.704372e+01 3.011957e+00 
63 1424  1.078650428396052696e+01 0 0 2.704372e+01 3.011065e+00 
64 1437  1.078650428396053584e+01 0 0 2.704372e+01 3.011062e+00 
65 1450  1.078650428396052519e+01 0 0 2.704372e+01 3.010241e+00 
66 1463  1.078650428396053407e+01 0 0 2.704372e+01 3.010576e+00 
1 1491  1.079608652167502925e+01 0 0 2.644448e+01 1.353931e+00 
2 1517  1.103890226693916077e+01 0 0 2.357882e+01 -4.074420e-01 
3 1543  1.086367581606162247e+01 0 0 2.874694e+01 3.890292e-01 
4 1569  1.078838821873416265e+01 0 0 2.730937e+01 -6.547300e-01 
5 1595  1.079586160031182018e+01 0 0 2.763588e+01 7.505164e-01 
6 1621  1.084438349495753151e+01 0 0 2.556933e+01 3.263314e+00 
7 1647  1.081334972444772369e+01 0 0 2.804712e+01 4.067785e+00 
8 1673  1.078653323658244467e+01 0 0 2.701078e+01 3.883439e+00 
9 1699  1.078836863710452754e+01 0 0 2.677944e+01 3.321157e+00 
10 1725  1.078655060092291329e+01 0 0 2.700206e+01 2.878923e+00 
11 1751  1.078651474220547613e+01 0 0 2.706351e+01 2.120312e+00 
12 1777  1.078660840555295408e+01 0 0 2.698127e+01 1.934614e+00 
13 1803  1.078650444185320723e+01 0 0 2.704128e+01 2.472346e+00 
14 1829  1.078650487105120881e+01 0 0 2.703903e+01 2.548851e+00 
15 1855  1.078652319922828440e+01 0 0 2.707033e+01 2.426990e+00 
16 1881  1.078650428467854461e+01 0 0 2.704355e+01 2.344462e+00 
17 1907  1.078650438853494542e+01 0 0 2.704570e+01 2.591486e+00 
18 1933  1.078650430018023876e+01 0 0 2.704294e+01 2.607515e+00 
19 1959  1.078650428402960415e+01 0 0 2.704367e+01 2.747677e+00 
20 1985  1.078650428447594933e+01 0 0 2.704386e+01 2.687735e+00 
21 2011  1.078650428946177087e+01 0 0 2.704326e+01 2.795365e+00 
22 2037  1.078650428410764661e+01 0 0 2.704364e+01 2.993065e+00 
23 2063  1.078650428437731534e+01 0 0 2.704384e+01 2.792347e+00 
24 2089  1.078650428439066467e+01 0 0 2.704359e+01 2.782863e+00 
25 2115  1.078650428396135652e+01 0 0 2.704371e+01 2.721646e+00 
26 2141  1.078650428402002248e+01 0 0 2.704367e+01 2.749259e+00 
27 2167  1.078650428396855432e+01 0 0 2.704373e+01 2.704913e+00 
28 2193  1.078650428396147198e+01 0 0 2.704371e+01 2.699823e+00 
29 2219  1.078650428396198535e+01 0 0 2.704372e+01 2.700833e+00 
30 2245  1.078650428396053584e+01 0 0 2.704372e+01 2.717558e+00 
31 2271  1.078650428396054828e+01 0 0 2.704372e+01 2.713267e+00 
32 2297  1.078650428396053229e+01 0 0 2.704372e+01 2.708666e+00 
33 2323  1.078650428396061756e+01 0 0 2.704371e+01 2.702650e+00 
34 2349  1.078650428396052519e+01 0 0 2.704372e+01 2.704280e+00 
35 2375  1.078650428396053584e+01 0 0 2.704372e+01 2.707405e+00 
36 2401  1.078650428396053407e+01 0 0 2.704372e+01 2.703585e+00 
37 2427  1.078650428396052696e+01 0 0 2.704372e+01 2.715629e+00 
38 2453  1.078650428396051986e+01 0 0 2.704372e+01 2.719979e+00 
39 2479  1.078650428396052341e+01 0 0 2.704372e+01 2.713636e+00 
40 2505  1.078650428396051986e+01 0 0 2.704372e+01 2.718108e+00 
41 2531  1.078650428396053051e+01 0 0 2.704372e+01 2.723007e+00 
42 2557  1.078650428396052163e+01 0 0 2.704372e+01 2.727407e+00 
1 2610  1.080009877517388617e+01 0 0 2.775753e+01 8.492147e-01 
2 2661  1.085005340625179926e+01 0 0 2.858884e+01 1.334795e+00 
3 2712  1.079393289906304609e+01 0 0 2.651613e+01 2.524150e+00 
4 2763  1.079066358647351009e+01 0 0 2.743847e+01 1.864391e+00 
5 2814  1.078722060673059424e+01 0 0 2.720752e+01 1.816142e+00 
6 2865  1.078654768332998160e+01 0 0 2.700340e+01 1.577379e+00 
7 2916  1.078650552171438370e+01 0 0 2.705053e+01 2.013302e+00 
8 2967  1.078650439038428033e+01 0 0 2.704172e+01 2.104095e+00 
9 3018  1.078650435037851274e+01 0 0 2.704529e+01 1.927287e+00 
10 3069  1.078650430198680610e+01 0 0 2.704454e+01 1.998689e+00 
11 3120  1.078650428511585169e+01 0 0 2.704392e+01 1.965585e+00 
12 3171  1.078650428443672027e+01 0 0 2.704358e+01 1.897092e+00 
13 3222  1.078650428396391092e+01 0 0 2.704373e+01 2.001635e+00 
14 3273  1.078650428414382567e+01 0 0 2.704363e+01 1.911011e+00 
15 3324  1.078650428396066019e+01 0 0 2.704372e+01 1.884024e+00 
16 3375  1.078650428396144179e+01 0 0 2.704371e+01 1.969656e+00 
17 3426  1.078650428396055005e+01 0 0 2.704372e+01 1.955801e+00 
18 3477  1.078650428396055005e+01 0 0 2.704372e+01 1.932835e+00 
19 3528  1.078650428396052696e+01 0 0 2.704372e+01 2.032069e+00 
20 3579  1.078650428396053584e+01 0 0 2.704372e+01 2.098757e+00 
21 3630  1.078650428396053051e+01 0 0 2.704372e+01 1.924236e+00 
22 3681  1.078650428396053051e+01 0 0 2.704372e+01 1.938814e+00 
23 3732  1.078650428396052341e+01 0 0 2.704372e+01 1.919685e+00 
24 3783  1.078650428396051808e+01 0 0 2.704372e+01 2.068284e+00 
25 3834  1.078650428396052163e+01 0 0 2.704372e+01 2.136367e+00 
26 3885  1.078650428396051986e+01 0 0 2.704372e+01 1.924428e+00 
