%  columns="iteration, evaluation, sigma, axis ratio, bestever, best, median, worst fitness function value, further objective values of best" (startseed=210463, 2022/07/14 11:16:34.63)
1 9 1.009107e+02 3.469769e+02  6.709953521806196477e+02  1.719980163077935231e+03  2.807624939663237456e+03  4.141423476126819151e+04
2 17 1.093645e+02 3.631667e+02  6.709953521806196477e+02  7.562687108404974197e+02  1.828008331548081514e+03  3.404848277593662351e+04
3 25 8.721636e+01 3.679741e+02  4.422370529141379052e+02  4.422370529141379052e+02  3.400734849807613500e+03  4.711430817582333111e+04
4 33 9.063056e+01 3.762467e+02  4.422370529141379052e+02  1.694105326591942230e+03  3.749507373615224424e+03  6.519504404923014590e+03
5 41 8.474818e+01 3.795451e+02  3.969347765894562485e+02  3.969347765894562485e+02  3.283014684082789245e+03  2.351537433682719129e+05
6 49 7.400101e+01 3.858284e+02  3.969347765894562485e+02  4.098111656719626694e+02  2.805840253920767736e+03  2.414550031606876291e+05
7 57 6.951368e+01 3.781921e+02  3.969347765894562485e+02  7.858126561798342209e+02  2.480323927016187099e+03  1.322091123848363168e+04
8 65 6.197615e+01 4.181534e+02  3.969347765894562485e+02  7.633662420606763135e+02  1.354360350256945821e+03  4.508858503217006728e+03
9 73 5.878312e+01 4.189137e+02  2.133754268482571490e+02  2.133754268482571490e+02  8.915912896174604612e+02  5.042288576906925300e+03
10 81 6.809120e+01 3.713318e+02  2.133754268482571490e+02  2.717317998446523575e+02  1.497493808246173558e+03  1.522474271910259449e+04
11 89 6.501355e+01 3.723791e+02  2.003509539036361673e+02  2.003509539036361673e+02  3.473425371954152979e+03  2.297238504902039494e+04
12 97 6.576683e+01 3.728464e+02  2.003509539036361673e+02  2.483915015779285227e+02  2.059503658192970761e+03  1.295560502616546000e+04
13 105 6.430496e+01 3.457393e+02  2.003509539036361673e+02  2.111815589211448980e+02  1.434831371608461268e+03  8.245041469736221188e+03
14 113 5.954090e+01 3.543906e+02  2.003509539036361673e+02  2.832622861973522390e+02  1.547088552072078073e+03  7.837246836156044006e+08
15 121 5.209161e+01 3.513155e+02  1.995499648899632916e+02  1.995499648899632916e+02  1.153432283165351691e+03  3.995497849084256814e+03
16 129 4.332315e+01 3.479980e+02  1.995499648899632916e+02  4.350254684858477958e+02  1.055658156383889946e+03  8.139372513818504558e+03
17 137 4.059564e+01 3.185071e+02  1.995499648899632916e+02  2.075240412336888483e+02  3.512664076638060351e+02  7.254476407654410650e+02
18 145 3.416732e+01 3.220097e+02  1.995499648899632916e+02  2.765640471606900519e+02  6.687907693938229841e+02  3.905071779761269227e+03
19 153 2.868581e+01 3.129251e+02  1.778694337146864086e+02  1.778694337146864086e+02  3.781674252693635481e+02  8.134869694758518563e+03
20 161 2.727793e+01 2.968193e+02  1.652627302277630577e+02  1.652627302277630577e+02  2.756692390495200584e+02  1.165797971024211165e+03
21 169 2.818252e+01 2.948537e+02  1.617452765375048500e+02  1.617452765375048500e+02  2.590399775837394145e+02  1.208523479651930529e+03
22 177 2.344799e+01 2.973338e+02  1.617452765375048500e+02  1.848312643254878367e+02  2.658235741892054307e+02  7.302855724711195080e+02
23 185 2.090148e+01 2.984490e+02  1.515538630033241532e+02  1.515538630033241532e+02  2.495909250562029342e+02  3.271236281618224666e+02
24 193 1.840492e+01 2.954229e+02  1.515538630033241532e+02  1.531732344521315099e+02  1.867754550258471227e+02  4.032897765715417222e+02
25 201 1.590985e+01 3.037245e+02  1.515538630033241532e+02  1.516735615729501774e+02  1.805079435682741860e+02  3.203557406185650507e+02
26 209 1.451583e+01 3.050186e+02  1.515538630033241532e+02  1.570711648107345297e+02  1.718105563356034509e+02  2.700283314539989874e+02
27 217 1.248065e+01 3.127905e+02  1.515538630033241532e+02  1.559842586442097456e+02  1.809128670231810361e+02  2.873471525434924274e+02
28 225 1.135189e+01 3.255703e+02  1.492669239348220458e+02  1.492669239348220458e+02  1.637326481238069107e+02  1.945131178151625022e+02
29 233 1.018859e+01 3.218999e+02  1.492669239348220458e+02  1.510782999604251984e+02  1.559875629291286430e+02  2.028127494173680248e+02
30 241 8.879695e+00 3.203770e+02  1.492669239348220458e+02  1.498652439221330326e+02  1.563785080871940636e+02  1.638099209626855099e+02
31 249 8.292977e+00 3.130505e+02  1.492669239348220458e+02  1.517546434922649325e+02  1.568641384081920478e+02  1.626564319131689444e+02
32 257 8.137876e+00 3.055221e+02  1.492669239348220458e+02  1.513732914229372852e+02  1.540755799182739452e+02  1.623324960992868569e+02
33 265 7.492353e+00 3.113944e+02  1.492669239348220458e+02  1.509518829426905882e+02  1.561788107818532012e+02  1.603950574954942283e+02
34 273 6.910304e+00 3.129450e+02  1.492669239348220458e+02  1.508998286263337718e+02  1.519385378384736214e+02  1.618851207407012680e+02
35 281 5.740350e+00 3.082361e+02  1.492669239348220458e+02  1.507499953518540963e+02  1.544330609821327869e+02  1.560234883473196703e+02
36 289 5.253852e+00 3.029848e+02  1.492669239348220458e+02  1.503048280352359143e+02  1.519585709578243211e+02  1.557165222683342165e+02
37 297 4.704466e+00 3.018644e+02  1.492669239348220458e+02  1.503535226246292495e+02  1.509111772228818040e+02  1.520940396046194110e+02
38 305 4.111395e+00 2.995693e+02  1.492669239348220458e+02  1.504384698824856628e+02  1.517866272660066329e+02  1.541726893873504594e+02
39 313 3.345234e+00 2.906881e+02  1.492669239348220458e+02  1.505498746949542976e+02  1.513525233620026142e+02  1.517714167397023743e+02
40 321 3.183245e+00 2.969637e+02  1.492669239348220458e+02  1.502424436497184956e+02  1.508066455986285632e+02  1.520607504288134066e+02
41 329 3.120553e+00 2.762723e+02  1.492669239348220458e+02  1.503341469964703663e+02  1.504692913664690934e+02  1.506025412068112246e+02
42 337 3.127842e+00 2.761088e+02  1.492669239348220458e+02  1.502579888472938592e+02  1.506740296561005721e+02  1.518941585394805145e+02
43 345 3.328444e+00 2.611369e+02  1.492669239348220458e+02  1.503188149406676644e+02  1.506591852650635133e+02  1.510077404857210297e+02
44 353 3.482956e+00 2.534657e+02  1.492669239348220458e+02  1.499724132667780054e+02  1.502705959144150825e+02  1.508680907797999566e+02
45 361 4.336041e+00 2.427926e+02  1.492669239348220458e+02  1.498097470761171621e+02  1.503074857517094927e+02  1.508971653012932563e+02
46 369 4.486756e+00 2.506148e+02  1.492669239348220458e+02  1.498635984893639375e+02  1.501656113817464870e+02  1.504975495472262423e+02
47 377 5.230684e+00 2.377405e+02  1.492669239348220458e+02  1.492987373791352752e+02  1.500116296770132749e+02  1.509393623164711471e+02
48 385 5.970117e+00 2.460794e+02  1.492669239348220458e+02  1.494456674315348437e+02  1.501116159750046393e+02  1.503915586906420003e+02
49 393 6.370285e+00 2.415885e+02  1.488360324788358184e+02  1.488360324788358184e+02  1.494546147635348348e+02  1.503925448099074345e+02
50 401 5.852484e+00 2.374178e+02  1.488360324788358184e+02  1.492364726311677714e+02  1.498548289286920863e+02  1.506645505535408915e+02
51 409 5.609764e+00 2.345089e+02  1.488360324788358184e+02  1.490517590418995724e+02  1.498615711769451195e+02  1.512057839361581273e+02
52 417 7.099198e+00 2.367855e+02  1.483296873888224638e+02  1.483296873888224638e+02  1.494079021515711929e+02  1.501996015749774358e+02
53 425 7.547905e+00 2.352006e+02  1.480496881790442671e+02  1.480496881790442671e+02  1.493277519791918735e+02  1.522590910612224775e+02
54 433 1.050060e+01 2.260071e+02  1.469810229873213530e+02  1.469810229873213530e+02  1.482691316960252834e+02  1.500305216172836538e+02
55 441 1.440172e+01 2.171080e+02  1.463449692613960451e+02  1.463449692613960451e+02  1.478016916418937683e+02  1.486427019534803549e+02
56 449 1.651549e+01 2.123379e+02  1.453902042244212680e+02  1.453902042244212680e+02  1.493859717661136983e+02  1.551923281619276622e+02
57 457 1.998428e+01 2.093090e+02  1.445687050319084790e+02  1.445687050319084790e+02  1.478752223654237525e+02  1.548884212443567776e+02
58 465 2.143734e+01 2.081632e+02  1.438969128346426203e+02  1.438969128346426203e+02  1.470650805757857142e+02  1.513513866124882270e+02
59 473 2.100838e+01 2.066473e+02  1.432201369530820898e+02  1.432201369530820898e+02  1.477814692566156509e+02  1.551076273526010141e+02
60 481 2.090978e+01 2.042458e+02  1.423529018577188481e+02  1.423529018577188481e+02  1.468701125874630122e+02  1.513622125050996772e+02
61 489 2.230434e+01 2.081817e+02  1.407905289877469670e+02  1.407905289877469670e+02  1.444586637073198574e+02  1.524415037748180453e+02
62 497 2.227356e+01 2.046783e+02  1.398614619229780089e+02  1.398614619229780089e+02  1.443624486970983298e+02  1.504943705728378802e+02
63 505 1.923930e+01 2.012336e+02  1.398614619229780089e+02  1.415865257058090947e+02  1.448326863932358037e+02  1.764515435636376424e+02
64 513 1.758653e+01 2.014917e+02  1.398614619229780089e+02  1.405649367987180938e+02  1.430291196966497012e+02  1.449106358982697316e+02
65 521 1.422455e+01 2.011939e+02  1.398614619229780089e+02  1.399755975186483568e+02  1.410652517849115952e+02  1.464412933103569401e+02
66 529 1.229552e+01 2.010220e+02  1.398614619229780089e+02  1.408243259556348619e+02  1.416504211667277673e+02  1.430507932105530529e+02
67 537 1.317294e+01 1.966426e+02  1.393295227687614499e+02  1.393295227687614499e+02  1.414720538406834009e+02  1.426492685934452425e+02
68 545 1.221267e+01 1.934219e+02  1.393295227687614499e+02  1.395388829145056206e+02  1.401242639849204465e+02  1.403177042781551904e+02
69 553 1.070371e+01 1.907614e+02  1.393295227687614499e+02  1.394693482489451526e+02  1.400302092985384093e+02  1.420388763412629203e+02
70 561 9.879775e+00 1.872783e+02  1.393295227687614499e+02  1.399640983426357650e+02  1.405533887055118498e+02  1.419483812809671406e+02
71 569 9.281079e+00 1.841845e+02  1.392987461978838439e+02  1.392987461978838439e+02  1.397504817316830952e+02  1.406209057689211477e+02
72 577 8.296595e+00 1.975396e+02  1.391882604418167375e+02  1.391882604418167375e+02  1.394567546354783190e+02  1.404316053706982075e+02
73 585 7.561627e+00 2.058609e+02  1.391882604418167375e+02  1.394082807719707375e+02  1.397865956652485124e+02  1.406062418456988610e+02
74 593 6.629822e+00 1.943739e+02  1.391882604418167375e+02  1.392660842219915764e+02  1.395214385515695881e+02  1.397542951724835518e+02
75 601 5.455386e+00 1.944534e+02  1.391882604418167375e+02  1.393214573864219119e+02  1.394171791097506627e+02  1.398585322694504782e+02
76 609 5.648958e+00 1.914310e+02  1.391882604418167375e+02  1.392589676349876129e+02  1.394654296854342306e+02  1.399893356571372465e+02
77 617 5.024866e+00 1.943673e+02  1.391882604418167375e+02  1.392878554135789955e+02  1.395717239177785132e+02  1.398283662724310261e+02
78 625 4.366830e+00 1.955163e+02  1.391882604418167375e+02  1.392107308274611057e+02  1.394030458653015216e+02  1.397874012923961402e+02
79 633 4.914183e+00 1.955986e+02  1.391882604418167375e+02  1.392401515702249810e+02  1.393225013056268153e+02  1.393919598175815509e+02
80 641 4.433070e+00 1.890295e+02  1.391882604418167375e+02  1.392755468642020844e+02  1.394158047867207415e+02  1.395860624099218228e+02
81 649 3.904553e+00 1.867841e+02  1.391882604418167375e+02  1.392182891854803017e+02  1.393700956385569327e+02  1.396196041673519801e+02
82 657 3.339376e+00 1.895281e+02  1.391882604418167375e+02  1.392546386638324236e+02  1.394609883256577803e+02  1.397157562192456055e+02
83 665 3.229358e+00 1.879619e+02  1.391882604418167375e+02  1.391889008844659372e+02  1.393885077354676127e+02  1.394756604697324747e+02
84 673 3.886378e+00 1.579282e+02  1.391882604418167375e+02  1.392022057387787584e+02  1.392506115722916320e+02  1.393021836052050162e+02
85 681 3.876123e+00 1.588909e+02  1.391750642311539821e+02  1.391750642311539821e+02  1.392444889140739406e+02  1.396059911073736544e+02
86 689 4.288511e+00 1.407497e+02  1.391283989236106891e+02  1.391283989236106891e+02  1.392884359698222170e+02  1.395015069488283359e+02
87 697 4.105026e+00 1.437698e+02  1.391283989236106891e+02  1.391317817905899119e+02  1.391803237125866985e+02  1.392752733973224224e+02
88 705 3.603240e+00 1.397331e+02  1.391283989236106891e+02  1.391619299807537118e+02  1.392178951266641320e+02  1.393188657317388675e+02
89 713 3.267103e+00 1.381262e+02  1.391283989236106891e+02  1.391339243819849685e+02  1.393343361396017599e+02  1.394100612057448814e+02
90 721 3.353978e+00 1.277230e+02  1.391283989236106891e+02  1.392273048772315747e+02  1.393082696452333380e+02  1.393851543835318694e+02
91 729 3.394268e+00 1.161808e+02  1.391283989236106891e+02  1.391721924182385806e+02  1.392835814619664916e+02  1.393668021198797078e+02
92 737 3.118651e+00 1.215749e+02  1.391216052958606042e+02  1.391216052958606042e+02  1.391771923096750072e+02  1.392793070015813157e+02
93 745 2.618812e+00 1.201089e+02  1.391216052958606042e+02  1.391250209415971995e+02  1.392338676641724362e+02  1.392735885121257411e+02
94 753 2.841261e+00 1.201041e+02  1.391180373945037729e+02  1.391180373945037729e+02  1.391680686764615587e+02  1.392865408032908476e+02
95 761 3.025904e+00 1.089423e+02  1.391180373945037729e+02  1.391215945937414062e+02  1.391735738001053164e+02  1.392065283306820049e+02
96 769 2.830700e+00 1.102393e+02  1.391180373945037729e+02  1.391265704116549671e+02  1.391527909666624510e+02  1.392503773780011329e+02
97 777 2.396088e+00 1.084733e+02  1.391071778104589214e+02  1.391071778104589214e+02  1.391309611102665258e+02  1.392348691875723148e+02
98 785 1.906331e+00 1.030732e+02  1.390945412895892730e+02  1.390945412895892730e+02  1.391137390495452451e+02  1.391895747846897393e+02
99 793 1.598887e+00 1.080626e+02  1.390945412895892730e+02  1.391044350246939700e+02  1.391250139597873954e+02  1.391654152711379311e+02
100 801 1.542766e+00 1.032971e+02  1.390945412895892730e+02  1.390986985854454190e+02  1.391106086157306265e+02  1.391674000018519450e+02
101 809 1.526914e+00 1.067383e+02  1.390906127187723769e+02  1.390906127187723769e+02  1.391208624763680177e+02  1.391470480667590550e+02
102 817 1.311659e+00 1.056759e+02  1.390906127187723769e+02  1.390921558105374913e+02  1.391231198703569589e+02  1.391686868821200846e+02
103 825 1.086697e+00 1.036839e+02  1.390906127187723769e+02  1.391067014287235111e+02  1.391202375186005895e+02  1.391509802505141522e+02
104 833 1.076845e+00 1.148807e+02  1.390906127187723769e+02  1.391009898184620681e+02  1.391270439983688902e+02  1.391433988647332285e+02
105 841 1.537106e+00 1.353104e+02  1.390906127187723769e+02  1.391076418750538721e+02  1.391343704037194584e+02  1.391463681295143147e+02
106 849 1.865082e+00 1.376637e+02  1.390906127187723769e+02  1.391013843003117358e+02  1.391101562303584842e+02  1.391371306588419543e+02
107 857 2.081184e+00 1.368482e+02  1.390906127187723769e+02  1.390916111985107477e+02  1.391243014659445976e+02  1.391435438889878355e+02
108 865 1.991751e+00 1.277349e+02  1.390906127187723769e+02  1.390956345849667173e+02  1.391160644927633143e+02  1.391451847136853814e+02
109 873 1.995309e+00 1.326927e+02  1.390906127187723769e+02  1.391031297335165107e+02  1.391180836488322257e+02  1.391647567052605439e+02
110 881 1.658361e+00 1.321711e+02  1.390906127187723769e+02  1.391070237723638741e+02  1.391257668572143302e+02  1.391513741041449634e+02
111 889 1.650861e+00 1.280669e+02  1.390906127187723769e+02  1.391001444956614250e+02  1.391117733458573298e+02  1.391354681884915010e+02
112 897 1.734337e+00 1.299183e+02  1.390906127187723769e+02  1.390945728327014592e+02  1.391130104792316047e+02  1.391390124585219894e+02
113 905 1.744605e+00 1.207647e+02  1.390850155804640451e+02  1.390850155804640451e+02  1.391040815420752494e+02  1.391311633893987789e+02
114 913 1.728459e+00 1.100871e+02  1.390850155804640451e+02  1.390875887056456861e+02  1.390960458427984747e+02  1.391121892079422651e+02
115 921 2.043236e+00 1.002266e+02  1.390797223892609793e+02  1.390797223892609793e+02  1.390957582429107617e+02  1.391228493607757741e+02
116 929 2.191824e+00 9.030442e+01  1.390766813352060183e+02  1.390766813352060183e+02  1.390901280539815730e+02  1.391151294440471418e+02
117 937 2.276023e+00 8.254584e+01  1.390658514905676668e+02  1.390658514905676668e+02  1.390776863927774230e+02  1.390905234991236341e+02
118 945 2.778196e+00 6.487123e+01  1.390540894862237167e+02  1.390540894862237167e+02  1.390701776558589131e+02  1.390807853335340951e+02
119 953 2.920362e+00 5.989758e+01  1.390505052781243194e+02  1.390505052781243194e+02  1.390672908845685924e+02  1.390893692098793792e+02
120 961 3.462208e+00 5.212079e+01  1.390288879767071251e+02  1.390288879767071251e+02  1.390461399810749299e+02  1.390754620284642726e+02
121 969 4.381037e+00 5.159713e+01  1.390096101219781985e+02  1.390096101219781985e+02  1.390316961915321485e+02  1.390680002688438037e+02
122 977 4.914208e+00 4.543099e+01  1.389801833474617183e+02  1.389801833474617183e+02  1.390401300998144052e+02  1.390642559768668320e+02
123 985 6.906434e+00 4.324122e+01  1.389058626025640137e+02  1.389058626025640137e+02  1.390196794553951918e+02  1.390850859457007971e+02
124 993 8.886570e+00 4.673507e+01  1.389058626025640137e+02  1.389313501340328969e+02  1.389623242270143066e+02  1.390151352349314493e+02
125 1001 1.297750e+01 4.809554e+01  1.388714677760807206e+02  1.388714677760807206e+02  1.389575600987191137e+02  1.390804867835706773e+02
126 1009 1.631511e+01 4.724727e+01  1.387592863684230053e+02  1.387592863684230053e+02  1.389100402381373556e+02  1.391899975616004212e+02
127 1017 2.073788e+01 4.430926e+01  1.386278004944205122e+02  1.386278004944205122e+02  1.388636243004531252e+02  1.392809879934929143e+02
128 1025 2.217990e+01 4.547361e+01  1.386080030127019711e+02  1.386080030127019711e+02  1.390130602714008035e+02  1.394197128644214843e+02
129 1033 2.757272e+01 4.662988e+01  1.381750078142929112e+02  1.381750078142929112e+02  1.385873763706163118e+02  1.391677038639224691e+02
130 1041 3.636288e+01 4.674723e+01  1.376588873816524199e+02  1.376588873816524199e+02  1.384075823907448921e+02  1.395041508569365192e+02
131 1049 5.340290e+01 4.777067e+01  1.369477653451937726e+02  1.369477653451937726e+02  1.380472253205421111e+02  1.384205247677166710e+02
132 1057 6.496766e+01 4.423152e+01  1.366661995903030515e+02  1.366661995903030515e+02  1.376565194878529041e+02  1.391659661320854866e+02
133 1065 8.070582e+01 4.474626e+01  1.359990666976469811e+02  1.359990666976469811e+02  1.376520519113571481e+02  1.400420319107783200e+02
134 1073 1.201279e+02 4.467521e+01  1.328058126895140845e+02  1.328058126895140845e+02  1.377168972679107242e+02  1.407128904718586000e+02
135 1081 2.026005e+02 4.256653e+01  1.279565218572666367e+02  1.279565218572666367e+02  1.361619103072620192e+02  1.449422118201196952e+02
136 1089 2.523830e+02 4.154697e+01  1.249831072368573928e+02  1.249831072368573928e+02  1.391494539175546379e+02  1.506850233243966954e+02
137 1097 2.845854e+02 4.310818e+01  1.152289073300381546e+02  1.152289073300381546e+02  1.252732792660382017e+02  1.561035592061812736e+02
138 1105 2.605709e+02 3.936878e+01  1.152289073300381546e+02  1.259987949243615475e+02  1.359538134769286444e+02  1.710491482412480480e+02
139 1113 2.606230e+02 3.549757e+01  1.150856324796282593e+02  1.150856324796282593e+02  1.388277555282022035e+02  2.041406403433059040e+02
140 1121 2.492342e+02 3.302743e+01  1.150856324796282593e+02  1.200711439788900492e+02  1.354390951764696069e+02  1.762644447174637605e+02
141 1129 2.266539e+02 3.270427e+01  1.150856324796282593e+02  1.196360400147703302e+02  1.289315156832041112e+02  1.710827265472939018e+02
142 1137 1.979485e+02 3.238916e+01  1.150856324796282593e+02  1.151905371489486072e+02  1.298391162567104402e+02  1.390562168937340175e+02
143 1145 1.796254e+02 3.380108e+01  1.146780195580315649e+02  1.146780195580315649e+02  1.223172368662998224e+02  1.298683173256555961e+02
144 1153 1.370222e+02 3.392928e+01  1.146780195580315649e+02  1.147839262448549675e+02  1.195640828667246467e+02  1.394694018303926839e+02
145 1161 1.391463e+02 3.375309e+01  1.145833310595422176e+02  1.145833310595422176e+02  1.193580480722130801e+02  1.261858615725635673e+02
146 1169 1.470181e+02 3.482415e+01  1.145833310595422176e+02  1.146949638852044870e+02  1.162903639848511546e+02  1.223821843280656481e+02
147 1177 1.278189e+02 3.315993e+01  1.145792874243056332e+02  1.145792874243056332e+02  1.172384886969046960e+02  1.307512967946867093e+02
148 1185 1.237739e+02 3.656160e+01  1.145792874243056332e+02  1.151443151244104399e+02  1.178288460206581192e+02  1.261450021872034881e+02
149 1193 1.265402e+02 3.708216e+01  1.145792874243056332e+02  1.157431987504799054e+02  1.193910440428122399e+02  1.268492995187179844e+02
150 1201 1.190757e+02 3.642114e+01  1.145792874243056332e+02  1.153408345883165964e+02  1.202571269430178802e+02  1.303865823854085590e+02
151 1209 1.099805e+02 3.694941e+01  1.145792874243056332e+02  1.167049203420450283e+02  1.177017146753771470e+02  1.191758034315642192e+02
152 1217 9.046098e+01 3.453433e+01  1.145792874243056332e+02  1.165922756471604060e+02  1.177742437824551303e+02  1.230623238889697291e+02
153 1225 8.506729e+01 3.421966e+01  1.145792874243056332e+02  1.153356699010556099e+02  1.178834539963170442e+02  1.184525489818296364e+02
154 1233 7.755729e+01 3.538542e+01  1.145792874243056332e+02  1.152367097177840947e+02  1.161313419276895047e+02  1.217617506229121886e+02
155 1241 6.464146e+01 3.562197e+01  1.145792874243056332e+02  1.158137002281457768e+02  1.166545242928941661e+02  1.183285993737529793e+02
156 1249 6.469789e+01 3.462791e+01  1.145792874243056332e+02  1.152474524295191998e+02  1.160938190051085712e+02  1.173054451965413563e+02
157 1257 6.402781e+01 3.542600e+01  1.145792874243056332e+02  1.150040946867556784e+02  1.153597741430490089e+02  1.163780409145920203e+02
158 1265 7.422987e+01 4.094406e+01  1.144965563286631607e+02  1.144965563286631607e+02  1.154909534606337616e+02  1.162357064385729899e+02
159 1273 7.878219e+01 4.274685e+01  1.144390648373803998e+02  1.144390648373803998e+02  1.148465902390166775e+02  1.156383765423310308e+02
160 1281 8.168587e+01 3.839594e+01  1.144390648373803998e+02  1.144443319496668039e+02  1.147484714407542583e+02  1.151700217382130376e+02
161 1289 8.059215e+01 3.855457e+01  1.143375746823306685e+02  1.143375746823306685e+02  1.145892973844574101e+02  1.160782169641590826e+02
162 1297 7.986125e+01 4.004706e+01  1.142823904830041499e+02  1.142823904830041499e+02  1.145332057235307843e+02  1.152259788888190712e+02
163 1305 7.147605e+01 4.005241e+01  1.142823904830041499e+02  1.143874070672006980e+02  1.150187856407670495e+02  1.157252549967106319e+02
164 1313 5.690873e+01 4.017055e+01  1.142823904830041499e+02  1.145001118408516447e+02  1.147210842671077131e+02  1.165499080298591537e+02
165 1321 4.994495e+01 4.119880e+01  1.142646574574033451e+02  1.142646574574033451e+02  1.147492770324901130e+02  1.154424984416602769e+02
166 1329 4.389696e+01 4.223098e+01  1.142511061055635935e+02  1.142511061055635935e+02  1.144468780647285655e+02  1.145157378191722728e+02
167 1337 4.173490e+01 4.339330e+01  1.142511061055635935e+02  1.142919870109659257e+02  1.144384648794850818e+02  1.147731395672711869e+02
168 1345 4.425288e+01 4.228798e+01  1.142511061055635935e+02  1.142598909900753057e+02  1.143927050918235864e+02  1.144817868642974332e+02
169 1353 3.593171e+01 3.906297e+01  1.142511061055635935e+02  1.142793747442595560e+02  1.143460944938625232e+02  1.145770709348984013e+02
170 1361 2.976341e+01 4.027410e+01  1.142511061055635935e+02  1.142744930688960636e+02  1.143449670083239482e+02  1.145239585998476031e+02
171 1369 2.795192e+01 3.768543e+01  1.142481474238626618e+02  1.142481474238626618e+02  1.143090463617025137e+02  1.143647179244638039e+02
172 1377 2.630096e+01 3.866155e+01  1.142481474238626618e+02  1.142577564471565950e+02  1.142798640366115421e+02  1.143316792191727984e+02
173 1385 2.537638e+01 4.068803e+01  1.142455269879405932e+02  1.142455269879405932e+02  1.142816105771317439e+02  1.143770378732541957e+02
174 1393 2.404261e+01 4.037766e+01  1.142369003982681903e+02  1.142369003982681903e+02  1.142617855207296600e+02  1.143194154907126432e+02
175 1401 2.208881e+01 3.901661e+01  1.142361790295285289e+02  1.142361790295285289e+02  1.142564950173471630e+02  1.142855523083102156e+02
176 1409 1.981346e+01 3.882254e+01  1.142361790295285289e+02  1.142426851007413120e+02  1.142613169488576830e+02  1.142847830790590535e+02
177 1417 1.665097e+01 3.754632e+01  1.142361790295285289e+02  1.142398221210390403e+02  1.142602145356556917e+02  1.143099288818472132e+02
178 1425 1.643560e+01 3.776650e+01  1.142361790295285289e+02  1.142385315809426913e+02  1.142487364498308864e+02  1.143378225927452263e+02
179 1433 1.600920e+01 3.613715e+01  1.142361790295285289e+02  1.142374100243504529e+02  1.142522116958638208e+02  1.142907603547386657e+02
180 1441 1.553149e+01 3.635646e+01  1.142360071754882824e+02  1.142360071754882824e+02  1.142450374101759394e+02  1.142765954635450498e+02
181 1449 1.384795e+01 3.627806e+01  1.142346674389486338e+02  1.142346674389486338e+02  1.142411454308362124e+02  1.142514185302845249e+02
182 1457 1.136725e+01 3.505485e+01  1.142345368038991182e+02  1.142345368038991182e+02  1.142372338658833968e+02  1.142427127292544071e+02
183 1465 1.252152e+01 3.632578e+01  1.142331858163630471e+02  1.142331858163630471e+02  1.142345349591237067e+02  1.142467748540945252e+02
184 1473 1.119686e+01 3.681230e+01  1.142331858163630471e+02  1.142347963514646239e+02  1.142367031574619318e+02  1.142404587094468127e+02
185 1481 9.819180e+00 3.748296e+01  1.142331858163630471e+02  1.142353659762961513e+02  1.142364706960231331e+02  1.142459449447693629e+02
186 1489 9.230356e+00 3.819780e+01  1.142331858163630471e+02  1.142341192446604055e+02  1.142373189974370007e+02  1.142415120130275028e+02
187 1497 8.181499e+00 3.913629e+01  1.142329471065836515e+02  1.142329471065836515e+02  1.142338587054895527e+02  1.142359027160510436e+02
188 1505 7.017307e+00 3.995727e+01  1.142329471065836515e+02  1.142333250837201746e+02  1.142335956937556602e+02  1.142348268907194182e+02
189 1513 6.302253e+00 4.105964e+01  1.142329471065836515e+02  1.142332448192601362e+02  1.142339020538641421e+02  1.142353067371295481e+02
190 1521 5.522630e+00 4.366751e+01  1.142329471065836515e+02  1.142331526378543600e+02  1.142336045934577555e+02  1.142344753588567698e+02
191 1529 5.081236e+00 4.291019e+01  1.142329471065836515e+02  1.142329926954245991e+02  1.142332904326883920e+02  1.142341683450671752e+02
192 1537 5.093643e+00 4.426354e+01  1.142329471065836515e+02  1.142329972291337583e+02  1.142331668737582788e+02  1.142337536902660986e+02
193 1545 4.724811e+00 4.498172e+01  1.142329471065836515e+02  1.142329596339945397e+02  1.142330778839342997e+02  1.142334453756281789e+02
194 1553 3.550572e+00 4.473877e+01  1.142329471065836515e+02  1.142329501643648513e+02  1.142330706856970011e+02  1.142338424768462346e+02
195 1561 3.188593e+00 4.720823e+01  1.142329471065836515e+02  1.142329525593733308e+02  1.142330362798903138e+02  1.142331667189336315e+02
196 1569 2.554252e+00 4.642899e+01  1.142329249491031362e+02  1.142329249491031362e+02  1.142330085505701902e+02  1.142331245839408780e+02
197 1577 2.312901e+00 4.665284e+01  1.142329249491031362e+02  1.142329629841316887e+02  1.142329834515482361e+02  1.142331469513151063e+02
198 1585 2.009042e+00 4.639645e+01  1.142329237825825032e+02  1.142329237825825032e+02  1.142329731217660651e+02  1.142330699064265218e+02
199 1593 1.910943e+00 4.564044e+01  1.142329180314131349e+02  1.142329180314131349e+02  1.142329439779863520e+02  1.142329814468087648e+02
200 1601 1.933183e+00 4.912936e+01  1.142329133506269443e+02  1.142329133506269443e+02  1.142329316801885710e+02  1.142329743143555447e+02
201 1609 1.967755e+00 5.438304e+01  1.142329111602107332e+02  1.142329111602107332e+02  1.142329352277870669e+02  1.142329804537287004e+02
202 1617 2.019335e+00 5.489862e+01  1.142329111602107332e+02  1.142329119068280647e+02  1.142329326308234272e+02  1.142330185197469916e+02
203 1625 1.787016e+00 5.173611e+01  1.142329111602107332e+02  1.142329173955140220e+02  1.142329306775698825e+02  1.142329954446704789e+02
204 1633 1.455795e+00 5.151408e+01  1.142329111602107332e+02  1.142329129111101622e+02  1.142329270302059001e+02  1.142329661758085706e+02
205 1641 1.276405e+00 4.958400e+01  1.142329111602107332e+02  1.142329152151123139e+02  1.142329249557982394e+02  1.142329597647480739e+02
206 1649 1.143872e+00 5.103660e+01  1.142329111602107332e+02  1.142329114054403476e+02  1.142329138186256614e+02  1.142329236717058052e+02
207 1657 1.017305e+00 5.122978e+01  1.142329102125982132e+02  1.142329102125982132e+02  1.142329163890628791e+02  1.142329228655671471e+02
208 1665 9.676172e-01 5.087833e+01  1.142329102125982132e+02  1.142329104355568887e+02  1.142329135905807220e+02  1.142329193557257838e+02
209 1673 8.139744e-01 4.948259e+01  1.142329102125982132e+02  1.142329116412781502e+02  1.142329142185585908e+02  1.142329175239276253e+02
210 1681 6.956196e-01 5.124482e+01  1.142329102125982132e+02  1.142329107208508674e+02  1.142329130684875906e+02  1.142329199613119783e+02
211 1689 5.556659e-01 5.060616e+01  1.142329102125982132e+02  1.142329102302372519e+02  1.142329119302562930e+02  1.142329137197064313e+02
212 1697 5.708541e-01 5.767699e+01  1.142329102069340934e+02  1.142329102069340934e+02  1.142329111227825678e+02  1.142329139292506994e+02
213 1705 5.297464e-01 5.861363e+01  1.142329102069340934e+02  1.142329102377022565e+02  1.142329116466780761e+02  1.142329133381313397e+02
214 1713 4.787568e-01 5.800323e+01  1.142329102069340934e+02  1.142329103547643427e+02  1.142329110015958236e+02  1.142329156761758924e+02
215 1721 4.548023e-01 5.234894e+01  1.142329100198262921e+02  1.142329100198262921e+02  1.142329105629334265e+02  1.142329112013834731e+02
216 1729 4.584107e-01 5.614710e+01  1.142329098695339553e+02  1.142329098695339553e+02  1.142329102480096026e+02  1.142329118621566835e+02
217 1737 3.919124e-01 5.689379e+01  1.142329098695339553e+02  1.142329098746262162e+02  1.142329103309230618e+02  1.142329111619794162e+02
218 1745 3.177067e-01 5.650858e+01  1.142329098695339553e+02  1.142329098857823908e+02  1.142329103253012050e+02  1.142329112498037063e+02
219 1753 2.774371e-01 5.870044e+01  1.142329098695339553e+02  1.142329098933781779e+02  1.142329101399199942e+02  1.142329106644336747e+02
220 1761 2.678812e-01 5.610176e+01  1.142329098118819530e+02  1.142329098118819530e+02  1.142329098935291540e+02  1.142329101354187060e+02
221 1769 2.507320e-01 5.607149e+01  1.142329097818933406e+02  1.142329097818933406e+02  1.142329098948622175e+02  1.142329100399400090e+02
222 1777 2.096541e-01 5.442092e+01  1.142329097818933406e+02  1.142329098312182367e+02  1.142329098807677354e+02  1.142329099807283512e+02
223 1785 1.807308e-01 5.345327e+01  1.142329097818933406e+02  1.142329098104129628e+02  1.142329098770428857e+02  1.142329099196164748e+02
224 1793 1.652728e-01 5.312380e+01  1.142329097818933406e+02  1.142329097823951827e+02  1.142329098107745153e+02  1.142329099077528269e+02
225 1801 1.462829e-01 5.217790e+01  1.142329097807550227e+02  1.142329097807550227e+02  1.142329098018321645e+02  1.142329098648420000e+02
226 1809 1.252930e-01 5.176722e+01  1.142329097807550227e+02  1.142329097888003275e+02  1.142329097968367364e+02  1.142329098356731834e+02
227 1817 1.058668e-01 5.124577e+01  1.142329097807550227e+02  1.142329097818523138e+02  1.142329097979422272e+02  1.142329098231339799e+02
228 1825 1.021097e-01 5.297416e+01  1.142329097788966266e+02  1.142329097788966266e+02  1.142329097926647705e+02  1.142329098105454932e+02
229 1833 9.957568e-02 5.517099e+01  1.142329097788966266e+02  1.142329097812790479e+02  1.142329097955726240e+02  1.142329098281773270e+02
230 1841 8.458437e-02 5.235408e+01  1.142329097788966266e+02  1.142329097806096883e+02  1.142329097898062571e+02  1.142329098022533174e+02
231 1849 7.472820e-02 5.329316e+01  1.142329097788966266e+02  1.142329097800322018e+02  1.142329097824089672e+02  1.142329097894581196e+02
232 1857 6.783659e-02 5.383866e+01  1.142329097788966266e+02  1.142329097806340314e+02  1.142329097817823822e+02  1.142329098081179382e+02
233 1865 5.277312e-02 5.381473e+01  1.142329097781448866e+02  1.142329097781448866e+02  1.142329097800722337e+02  1.142329097902858450e+02
234 1873 4.633305e-02 5.376305e+01  1.142329097780690574e+02  1.142329097780690574e+02  1.142329097794070094e+02  1.142329097861287579e+02
235 1881 4.102585e-02 5.435265e+01  1.142329097780690574e+02  1.142329097780832114e+02  1.142329097800959090e+02  1.142329097821025812e+02
236 1889 3.323962e-02 5.350924e+01  1.142329097780690574e+02  1.142329097783428438e+02  1.142329097788735339e+02  1.142329097814430128e+02
237 1897 3.030148e-02 5.089701e+01  1.142329097780690574e+02  1.142329097780847036e+02  1.142329097784829912e+02  1.142329097799639044e+02
238 1905 2.753284e-02 5.240161e+01  1.142329097779611118e+02  1.142329097779611118e+02  1.142329097784091232e+02  1.142329097789061052e+02
239 1913 2.866048e-02 5.567616e+01  1.142329097779592360e+02  1.142329097779592360e+02  1.142329097781976088e+02  1.142329097786802663e+02
240 1921 2.362593e-02 5.394378e+01  1.142329097779592360e+02  1.142329097779615523e+02  1.142329097781488940e+02  1.142329097786079330e+02
241 1929 2.181251e-02 5.238750e+01  1.142329097778944771e+02  1.142329097778944771e+02  1.142329097781259577e+02  1.142329097783031528e+02
242 1937 1.872046e-02 5.251466e+01  1.142329097778792857e+02  1.142329097778792857e+02  1.142329097779547453e+02  1.142329097782523348e+02
243 1945 1.703788e-02 5.452287e+01  1.142329097778792857e+02  1.142329097779007725e+02  1.142329097779635561e+02  1.142329097781252614e+02
244 1953 1.532983e-02 5.409561e+01  1.142329097778792857e+02  1.142329097779117291e+02  1.142329097779823286e+02  1.142329097781836253e+02
245 1961 1.349880e-02 5.292307e+01  1.142329097778792857e+02  1.142329097779071674e+02  1.142329097779396392e+02  1.142329097780638989e+02
246 1969 1.221397e-02 5.180177e+01  1.142329097778792857e+02  1.142329097778843874e+02  1.142329097779300611e+02  1.142329097779673504e+02
247 1977 1.118478e-02 4.765469e+01  1.142329097778773956e+02  1.142329097778773956e+02  1.142329097779086737e+02  1.142329097780393852e+02
248 1985 1.069036e-02 4.462003e+01  1.142329097778773956e+02  1.142329097778852685e+02  1.142329097779142586e+02  1.142329097779895903e+02
249 1993 1.088917e-02 4.580705e+01  1.142329097778773956e+02  1.142329097778791436e+02  1.142329097779223446e+02  1.142329097779718978e+02
250 2001 1.063092e-02 4.482613e+01  1.142329097778773956e+02  1.142329097778857516e+02  1.142329097779162197e+02  1.142329097779625613e+02
251 2009 9.008506e-03 4.616229e+01  1.142329097778765004e+02  1.142329097778765004e+02  1.142329097778917060e+02  1.142329097779385734e+02
252 2017 7.979671e-03 4.606433e+01  1.142329097778765004e+02  1.142329097778812184e+02  1.142329097778877269e+02  1.142329097779280858e+02
253 2025 7.864449e-03 4.793310e+01  1.142329097778765004e+02  1.142329097778776941e+02  1.142329097778844016e+02  1.142329097779076079e+02
254 2033 7.889263e-03 4.666995e+01  1.142329097778765004e+02  1.142329097778792715e+02  1.142329097779036715e+02  1.142329097779349354e+02
255 2041 6.581378e-03 4.704369e+01  1.142329097778765004e+02  1.142329097778767988e+02  1.142329097778804652e+02  1.142329097779109475e+02
256 2049 5.424482e-03 4.642610e+01  1.142329097778764577e+02  1.142329097778764577e+02  1.142329097778809341e+02  1.142329097779074232e+02
257 2057 4.366994e-03 4.680716e+01  1.142329097778764577e+02  1.142329097778766709e+02  1.142329097778795983e+02  1.142329097779098390e+02
258 2065 4.249711e-03 4.744572e+01  1.142329097778762161e+02  1.142329097778762161e+02  1.142329097778775804e+02  1.142329097778794136e+02
259 2073 3.557047e-03 4.749444e+01  1.142329097778761167e+02  1.142329097778761167e+02  1.142329097778774241e+02  1.142329097778831368e+02
260 2081 2.896851e-03 4.762069e+01  1.142329097778761167e+02  1.142329097778763582e+02  1.142329097778776941e+02  1.142329097778808062e+02
261 2089 2.983595e-03 5.210690e+01  1.142329097778761167e+02  1.142329097778764009e+02  1.142329097778769835e+02  1.142329097778829237e+02
262 2097 2.427739e-03 5.310608e+01  1.142329097778761167e+02  1.142329097778761593e+02  1.142329097778769409e+02  1.142329097778793425e+02
263 2105 2.397207e-03 5.334763e+01  1.142329097778761167e+02  1.142329097778761309e+02  1.142329097778763582e+02  1.142329097778770119e+02
264 2113 2.240172e-03 5.348128e+01  1.142329097778761167e+02  1.142329097778761309e+02  1.142329097778765146e+02  1.142329097778774809e+02
265 2121 2.105956e-03 5.161313e+01  1.142329097778761167e+02  1.142329097778762304e+02  1.142329097778766425e+02  1.142329097778768983e+02
266 2129 1.809490e-03 5.058602e+01  1.142329097778761167e+02  1.142329097778761877e+02  1.142329097778764435e+02  1.142329097778772109e+02
267 2137 1.528994e-03 5.164575e+01  1.142329097778760598e+02  1.142329097778760598e+02  1.142329097778763298e+02  1.142329097778764719e+02
268 2145 1.440779e-03 5.206750e+01  1.142329097778759746e+02  1.142329097778759746e+02  1.142329097778761309e+02  1.142329097778763156e+02
269 2153 1.289365e-03 5.570792e+01  1.142329097778759746e+02  1.142329097778760456e+02  1.142329097778762161e+02  1.142329097778767562e+02
270 2161 1.349436e-03 5.794632e+01  1.142329097778759746e+02  1.142329097778760030e+02  1.142329097778761309e+02  1.142329097778762730e+02
271 2169 1.415048e-03 5.958790e+01  1.142329097778759746e+02  1.142329097778759888e+02  1.142329097778762588e+02  1.142329097778763014e+02
272 2177 1.358490e-03 6.077474e+01  1.142329097778759746e+02  1.142329097778761025e+02  1.142329097778763014e+02  1.142329097778764577e+02
273 2185 1.270935e-03 5.805778e+01  1.142329097778759603e+02  1.142329097778759603e+02  1.142329097778763014e+02  1.142329097778765430e+02
274 2193 1.302858e-03 5.506334e+01  1.142329097778759603e+02  1.142329097778759888e+02  1.142329097778762446e+02  1.142329097778764719e+02
275 2201 1.209195e-03 5.290083e+01  1.142329097778759035e+02  1.142329097778759035e+02  1.142329097778761593e+02  1.142329097778762730e+02
276 2209 1.124307e-03 5.215388e+01  1.142329097778759035e+02  1.142329097778759177e+02  1.142329097778760740e+02  1.142329097778764293e+02
277 2217 1.169655e-03 4.670115e+01  1.142329097778759035e+02  1.142329097778759177e+02  1.142329097778761877e+02  1.142329097778764009e+02
278 2225 1.017962e-03 4.709714e+01  1.142329097778759035e+02  1.142329097778759746e+02  1.142329097778762588e+02  1.142329097778765004e+02
279 2233 8.374078e-04 4.580550e+01  1.142329097778759035e+02  1.142329097778759888e+02  1.142329097778761309e+02  1.142329097778763014e+02
1 2251 9.527738e+01 3.800584e+02  1.142329097778759035e+02  5.001869023827317733e+02  1.025024357531420355e+04  1.371207885246159567e+05
2 2267 9.860073e+01 3.498268e+02  1.142329097778759035e+02  4.465621334633234483e+02  1.698441290462361394e+03  9.306343188007001299e+04
3 2283 8.038492e+01 3.660364e+02  1.142329097778759035e+02  2.048451903932586333e+02  1.226209706691279280e+03  2.698037654862483396e+04
4 2299 7.030080e+01 3.708967e+02  1.142329097778759035e+02  6.100073198947399078e+02  1.666423378287786363e+03  2.426874661088500870e+05
5 2315 5.600378e+01 3.823889e+02  1.142329097778759035e+02  2.632194720476005614e+02  1.346336538570503762e+03  1.939539480931455612e+10
6 2331 7.221511e+01 4.018774e+02  1.142329097778759035e+02  2.884725591604433816e+02  1.472295937511359853e+03  7.392804771380449893e+03
7 2347 6.252755e+01 3.774055e+02  1.142329097778759035e+02  2.294097207634831648e+02  7.591768178912595886e+02  4.669337314743711431e+03
8 2363 7.507902e+01 3.427545e+02  1.142329097778759035e+02  2.444832159708164738e+02  1.501059202112163121e+03  1.930626356250385288e+04
9 2379 7.212500e+01 3.329528e+02  1.142329097778759035e+02  2.459309529513244854e+02  9.451580130642205404e+02  1.569707024114086234e+05
10 2395 7.558032e+01 2.961585e+02  1.142329097778759035e+02  1.535055993811782002e+02  1.318380403064762504e+03  6.611990751691861078e+04
11 2411 6.561099e+01 2.776253e+02  1.142329097778759035e+02  1.984646334070143894e+02  1.066836133078213606e+03  4.372062214725631056e+05
12 2427 5.773969e+01 2.551981e+02  1.142329097778759035e+02  1.657161200526397522e+02  5.691374309745850724e+02  3.805745594728005381e+04
13 2443 4.451072e+01 2.310690e+02  1.142329097778759035e+02  1.402379496733677229e+02  5.670407425591914716e+02  1.479441306371406608e+04
14 2459 5.064602e+01 1.994600e+02  1.142329097778759035e+02  1.406118231989530614e+02  1.972236490382566956e+02  6.320939181103973397e+02
15 2475 5.363340e+01 1.773687e+02  1.142329097778759035e+02  1.342637332842504065e+02  2.963977000294943309e+02  1.312972818499380493e+10
16 2491 5.471454e+01 1.420088e+02  1.142329097778759035e+02  1.461310645321151469e+02  2.130445440705320266e+02  2.144628973188794589e+03
17 2507 4.720210e+01 1.394838e+02  1.142329097778759035e+02  1.531308503906732597e+02  2.999454548810596179e+02  1.354857732299981080e+03
18 2523 3.526864e+01 1.289334e+02  1.142329097778759035e+02  1.388382597321495382e+02  1.904647143229752828e+02  6.317002923414912630e+02
19 2539 3.391145e+01 1.111036e+02  1.142329097778759035e+02  1.379445798535600147e+02  1.688720411538052417e+02  3.815005764500077703e+02
20 2555 3.449056e+01 1.042620e+02  1.142329097778759035e+02  1.378820904539861658e+02  1.550578517459474028e+02  1.887061839169344637e+02
21 2571 3.495778e+01 8.926615e+01  1.142329097778759035e+02  1.331846235892587629e+02  1.496374690731093438e+02  2.137386396046729828e+02
22 2587 3.686551e+01 7.808997e+01  1.142329097778759035e+02  1.374934036527465082e+02  1.493673857947840133e+02  2.613715883354296352e+02
23 2603 4.183788e+01 7.818942e+01  1.142329097778759035e+02  1.311749894667341891e+02  1.505887317967920751e+02  2.236936828377665165e+02
24 2619 4.134864e+01 8.175613e+01  1.142329097778759035e+02  1.233663696636669727e+02  1.452748239475575360e+02  1.782398186489943441e+02
25 2635 5.707980e+01 8.203232e+01  1.142329097778759035e+02  1.171533837830695859e+02  1.475705142592897801e+02  1.761468671038049365e+02
26 2651 4.618694e+01 8.284084e+01  1.142329097778759035e+02  1.214843466136175323e+02  1.454399369063174561e+02  1.815298417128062169e+02
27 2667 3.871565e+01 8.678848e+01  1.142329097778759035e+02  1.353154091096614593e+02  1.474403739277807119e+02  1.914052302207894058e+02
28 2683 3.563809e+01 8.060349e+01  1.142329097778759035e+02  1.199377391329491758e+02  1.393486497894710965e+02  1.752084527480890301e+02
29 2699 3.870164e+01 7.948565e+01  1.142329097778759035e+02  1.238169168440909687e+02  1.347787727255656876e+02  1.473907133137352616e+02
30 2715 3.830999e+01 8.798928e+01  1.142329097778759035e+02  1.164478489376409840e+02  1.310942913212310259e+02  1.479878365955298705e+02
31 2731 4.061062e+01 8.418908e+01  1.142329097778759035e+02  1.160575277369690497e+02  1.312215971792807920e+02  1.477441361718537678e+02
32 2747 3.663797e+01 8.476776e+01  1.142329097778759035e+02  1.160938852379576787e+02  1.333805675914403537e+02  1.771211447391900720e+02
33 2763 3.362187e+01 8.924616e+01  1.142329097778759035e+02  1.147111432697013242e+02  1.232771780530951276e+02  1.536522510924538096e+02
34 2779 3.675499e+01 8.069906e+01  1.142329097778759035e+02  1.147078890721300297e+02  1.218737513863547122e+02  1.325922600267364828e+02
35 2795 3.279418e+01 7.980331e+01  1.142329097778759035e+02  1.159324256429686528e+02  1.238947361453890181e+02  1.421676020134533474e+02
36 2811 2.995302e+01 7.866681e+01  1.142329097778759035e+02  1.148222976025488009e+02  1.191482811319884263e+02  1.317136505277906906e+02
37 2827 2.947610e+01 7.940213e+01  1.142329097778759035e+02  1.148524488093122216e+02  1.186296768579939425e+02  1.225633056851729918e+02
38 2843 2.520688e+01 7.758523e+01  1.142329097778759035e+02  1.153406696799598024e+02  1.203203773814926478e+02  1.276191543098239549e+02
39 2859 2.031169e+01 7.597971e+01  1.142329097778759035e+02  1.144509111904416443e+02  1.161508614188010142e+02  1.221161765865959694e+02
40 2875 1.999710e+01 7.089859e+01  1.142329097778759035e+02  1.145277389266866521e+02  1.153097265039750710e+02  1.218796610055679679e+02
41 2891 2.126857e+01 7.151419e+01  1.142329097778759035e+02  1.143743309418726710e+02  1.159613071841305612e+02  1.184667068143621691e+02
42 2907 2.374597e+01 8.611780e+01  1.142329097778759035e+02  1.145059480386974684e+02  1.158861736826031148e+02  1.179903092033202228e+02
43 2923 1.969939e+01 9.056953e+01  1.142329097778759035e+02  1.145199773807500208e+02  1.161512770648704702e+02  1.186317897168055993e+02
44 2939 1.608735e+01 8.920258e+01  1.142329097778759035e+02  1.144022626269501188e+02  1.148688349247277500e+02  1.185103063183088352e+02
45 2955 1.614367e+01 8.551907e+01  1.142329097778759035e+02  1.143955353434273547e+02  1.151178638102407348e+02  1.172087792738176404e+02
46 2971 1.411004e+01 8.536355e+01  1.142329097778759035e+02  1.143253910026791829e+02  1.149327247301963126e+02  1.164623742469919989e+02
47 2987 1.298724e+01 8.204688e+01  1.142329097778759035e+02  1.143400480740135379e+02  1.145925562805910261e+02  1.154613648807598878e+02
48 3003 1.105236e+01 8.350292e+01  1.142329097778759035e+02  1.142644058650177215e+02  1.145686572804949321e+02  1.154386398721636908e+02
49 3019 9.634684e+00 8.508220e+01  1.142329097778759035e+02  1.142578468586776239e+02  1.144390620781217365e+02  1.147059670075382343e+02
50 3035 1.010018e+01 9.371677e+01  1.142329097778759035e+02  1.142452183838788216e+02  1.144469631643881371e+02  1.146681295510413747e+02
51 3051 9.004969e+00 9.564997e+01  1.142329097778759035e+02  1.142637563368260487e+02  1.144328123240223363e+02  1.145895269859698260e+02
52 3067 7.600980e+00 9.992273e+01  1.142329097778759035e+02  1.142406433558078334e+02  1.143287449333963934e+02  1.144696734315435265e+02
53 3083 7.605739e+00 9.865609e+01  1.142329097778759035e+02  1.142512916478482623e+02  1.143069643853363573e+02  1.145166720753011873e+02
54 3099 7.373904e+00 1.007306e+02  1.142329097778759035e+02  1.142409509731171795e+02  1.142813017386538377e+02  1.145240485132339643e+02
55 3115 5.702321e+00 1.011354e+02  1.142329097778759035e+02  1.142335595546016123e+02  1.142726473330503154e+02  1.143596258842329547e+02
56 3131 5.150860e+00 9.791111e+01  1.142329097778759035e+02  1.142342890162603624e+02  1.142576312460862198e+02  1.143409058849449593e+02
57 3147 4.484059e+00 9.943207e+01  1.142329097778759035e+02  1.142334641435903393e+02  1.142474431714629048e+02  1.142682456337683590e+02
58 3163 3.989288e+00 9.844336e+01  1.142329097778759035e+02  1.142338426522527186e+02  1.142392511564770103e+02  1.142487580026683247e+02
59 3179 4.031544e+00 1.012280e+02  1.142329097778759035e+02  1.142363072458693125e+02  1.142410848954078944e+02  1.142566695505533403e+02
60 3195 4.361635e+00 1.008029e+02  1.142329097778759035e+02  1.142342811446886657e+02  1.142376341264436803e+02  1.142534487655598099e+02
61 3211 4.332084e+00 1.038840e+02  1.142329097778759035e+02  1.142343772018926416e+02  1.142369571951891629e+02  1.142476507684511375e+02
62 3227 4.107508e+00 1.055642e+02  1.142329097778759035e+02  1.142330823736876084e+02  1.142390291783992069e+02  1.142501953096022334e+02
63 3243 4.422230e+00 1.152870e+02  1.142329097778759035e+02  1.142338812332970974e+02  1.142365565277763153e+02  1.142534483178136924e+02
64 3259 3.625291e+00 1.169402e+02  1.142329097778759035e+02  1.142335156770566584e+02  1.142366473324149467e+02  1.142435945239188015e+02
65 3275 3.009040e+00 1.182136e+02  1.142329097778759035e+02  1.142331954511970480e+02  1.142351207025887163e+02  1.142403154759995516e+02
66 3291 2.486450e+00 1.184323e+02  1.142329097778759035e+02  1.142330622629693266e+02  1.142343334448940482e+02  1.142411285191362538e+02
67 3307 2.147692e+00 1.189686e+02  1.142329097778759035e+02  1.142330730585301524e+02  1.142335654717193165e+02  1.142357758789398048e+02
68 3323 1.922156e+00 1.147394e+02  1.142329097778759035e+02  1.142329446192819233e+02  1.142333428528174579e+02  1.142346988060173913e+02
69 3339 1.610732e+00 1.191509e+02  1.142329097778759035e+02  1.142330009485291669e+02  1.142332002872422692e+02  1.142342980704552673e+02
70 3355 1.610175e+00 1.153259e+02  1.142329097778759035e+02  1.142329329828173741e+02  1.142330739157318362e+02  1.142334189995577276e+02
71 3371 1.321247e+00 1.156181e+02  1.142329097778759035e+02  1.142329149532591970e+02  1.142330501240957830e+02  1.142333260977131744e+02
72 3387 1.129699e+00 1.148308e+02  1.142329097778759035e+02  1.142329237972164862e+02  1.142330216032926558e+02  1.142337454593031936e+02
73 3403 9.947755e-01 1.175305e+02  1.142329097778759035e+02  1.142329247146526683e+02  1.142329539176613480e+02  1.142330722525201452e+02
74 3419 8.236711e-01 1.198047e+02  1.142329097778759035e+02  1.142329104574966152e+02  1.142329472670762271e+02  1.142330925370637829e+02
75 3435 6.828659e-01 1.175141e+02  1.142329097778759035e+02  1.142329119427263464e+02  1.142329257540584138e+02  1.142330768418114673e+02
76 3451 5.510640e-01 1.216993e+02  1.142329097778759035e+02  1.142329106320227368e+02  1.142329210736167227e+02  1.142329749127113132e+02
77 3467 4.543713e-01 1.256251e+02  1.142329097778759035e+02  1.142329101091648340e+02  1.142329171393124625e+02  1.142329259026552961e+02
78 3483 4.017695e-01 1.261577e+02  1.142329097778759035e+02  1.142329103592794297e+02  1.142329143019042874e+02  1.142329293180533085e+02
79 3499 3.606931e-01 1.192509e+02  1.142329097778759035e+02  1.142329101904403217e+02  1.142329115134413655e+02  1.142329202692072130e+02
80 3515 3.716572e-01 1.187765e+02  1.142329097778759035e+02  1.142329101630789552e+02  1.142329119016174559e+02  1.142329157006600155e+02
81 3531 3.445450e-01 1.126456e+02  1.142329097778759035e+02  1.142329103148014724e+02  1.142329116357075520e+02  1.142329176598690879e+02
82 3547 2.636098e-01 1.138849e+02  1.142329097778759035e+02  1.142329100410483420e+02  1.142329107760853049e+02  1.142329132687238626e+02
83 3563 2.380211e-01 1.092193e+02  1.142329097778759035e+02  1.142329098809016443e+02  1.142329104989565280e+02  1.142329135451920195e+02
84 3579 1.828687e-01 1.137914e+02  1.142329097778759035e+02  1.142329098553407931e+02  1.142329101876408686e+02  1.142329111592280526e+02
85 3595 1.924749e-01 1.095724e+02  1.142329097778759035e+02  1.142329098059976218e+02  1.142329100075258452e+02  1.142329104743006667e+02
86 3611 2.128366e-01 1.140020e+02  1.142329097778759035e+02  1.142329098185668812e+02  1.142329099656216442e+02  1.142329106930575620e+02
87 3627 1.762407e-01 1.143818e+02  1.142329097778759035e+02  1.142329097983459150e+02  1.142329099781113371e+02  1.142329103562783104e+02
88 3643 1.497147e-01 1.172053e+02  1.142329097778759035e+02  1.142329097871777890e+02  1.142329098973934407e+02  1.142329103011164051e+02
89 3659 1.167140e-01 1.149428e+02  1.142329097778759035e+02  1.142329097836722980e+02  1.142329098451442349e+02  1.142329100430182365e+02
90 3675 8.669599e-02 1.140018e+02  1.142329097778759035e+02  1.142329097818443131e+02  1.142329098261654394e+02  1.142329099512375166e+02
91 3691 8.206698e-02 1.192144e+02  1.142329097778759035e+02  1.142329097810845298e+02  1.142329097948339722e+02  1.142329098421079294e+02
92 3707 8.021762e-02 1.186305e+02  1.142329097778759035e+02  1.142329097829794904e+02  1.142329097929218591e+02  1.142329098191222272e+02
93 3723 6.294826e-02 1.158294e+02  1.142329097778759035e+02  1.142329097815166676e+02  1.142329097899917087e+02  1.142329098189438810e+02
94 3739 5.716949e-02 1.163536e+02  1.142329097778759035e+02  1.142329097790714911e+02  1.142329097848703441e+02  1.142329097942800189e+02
95 3755 4.533385e-02 1.160161e+02  1.142329097778759035e+02  1.142329097788950918e+02  1.142329097819368542e+02  1.142329097893799599e+02
96 3771 4.082764e-02 1.215098e+02  1.142329097778759035e+02  1.142329097785338945e+02  1.142329097796295798e+02  1.142329097835473277e+02
97 3787 3.429196e-02 1.285997e+02  1.142329097778759035e+02  1.142329097781159106e+02  1.142329097793794972e+02  1.142329097849641926e+02
98 3803 2.775818e-02 1.290281e+02  1.142329097778759035e+02  1.142329097781496330e+02  1.142329097787799412e+02  1.142329097824164279e+02
99 3819 2.490812e-02 1.267674e+02  1.142329097778759035e+02  1.142329097780053786e+02  1.142329097786131911e+02  1.142329097804489777e+02
100 3835 2.277863e-02 1.296223e+02  1.142329097778759035e+02  1.142329097779746689e+02  1.142329097784474641e+02  1.142329097800152624e+02
101 3851 2.054024e-02 1.346026e+02  1.142329097778759035e+02  1.142329097779001330e+02  1.142329097781726261e+02  1.142329097795707895e+02
102 3867 2.060119e-02 1.428390e+02  1.142329097778759035e+02  1.142329097779446556e+02  1.142329097781299367e+02  1.142329097794925303e+02
103 3883 2.096472e-02 1.448052e+02  1.142329097778759035e+02  1.142329097779875013e+02  1.142329097780848883e+02  1.142329097784833039e+02
104 3899 1.623410e-02 1.424502e+02  1.142329097778759035e+02  1.142329097778922886e+02  1.142329097780564950e+02  1.142329097786998062e+02
105 3915 1.353900e-02 1.465227e+02  1.142329097778759035e+02  1.142329097778957561e+02  1.142329097779837639e+02  1.142329097781053520e+02
106 3931 1.065063e-02 1.515387e+02  1.142329097778759035e+02  1.142329097778837337e+02  1.142329097779301605e+02  1.142329097781196197e+02
107 3947 8.819487e-03 1.478167e+02  1.142329097778759035e+02  1.142329097778790583e+02  1.142329097778986835e+02  1.142329097779369249e+02
108 3963 7.852801e-03 1.617141e+02  1.142329097778759035e+02  1.142329097778784757e+02  1.142329097778892901e+02  1.142329097779119991e+02
109 3979 6.672456e-03 1.669768e+02  1.142329097778759035e+02  1.142329097778781346e+02  1.142329097778859079e+02  1.142329097778989961e+02
110 3995 6.993961e-03 1.891256e+02  1.142329097778759035e+02  1.142329097778780778e+02  1.142329097778829379e+02  1.142329097778939371e+02
111 4011 5.433561e-03 1.876300e+02  1.142329097778759035e+02  1.142329097778776372e+02  1.142329097778823837e+02  1.142329097778913223e+02
112 4027 5.409939e-03 1.831781e+02  1.142329097778759035e+02  1.142329097778763014e+02  1.142329097778792573e+02  1.142329097778888496e+02
113 4043 4.274648e-03 1.815939e+02  1.142329097778759035e+02  1.142329097778770972e+02  1.142329097778792857e+02  1.142329097778846574e+02
114 4059 3.652448e-03 1.805457e+02  1.142329097778759035e+02  1.142329097778764435e+02  1.142329097778771825e+02  1.142329097778824263e+02
115 4075 3.444284e-03 2.033058e+02  1.142329097778759035e+02  1.142329097778763582e+02  1.142329097778770404e+02  1.142329097778810194e+02
116 4091 3.258400e-03 2.109899e+02  1.142329097778759035e+02  1.142329097778761877e+02  1.142329097778765856e+02  1.142329097778780636e+02
117 4107 3.007808e-03 2.366690e+02  1.142329097778759035e+02  1.142329097778761025e+02  1.142329097778764719e+02  1.142329097778778930e+02
118 4123 3.819648e-03 3.253847e+02  1.142329097778759035e+02  1.142329097778760172e+02  1.142329097778764577e+02  1.142329097778771683e+02
119 4139 3.457799e-03 3.777127e+02  1.142329097778759035e+02  1.142329097778762446e+02  1.142329097778764719e+02  1.142329097778791862e+02
120 4155 2.909771e-03 3.844026e+02  1.142329097778759035e+02  1.142329097778760598e+02  1.142329097778766709e+02  1.142329097778778078e+02
121 4171 2.321460e-03 4.048724e+02  1.142329097778759035e+02  1.142329097778762446e+02  1.142329097778764719e+02  1.142329097778774951e+02
122 4187 2.237318e-03 4.182668e+02  1.142329097778759035e+02  1.142329097778760456e+02  1.142329097778761593e+02  1.142329097778764151e+02
123 4203 2.206653e-03 4.269744e+02  1.142329097778759035e+02  1.142329097778760172e+02  1.142329097778762161e+02  1.142329097778764435e+02
124 4219 2.692268e-03 3.953636e+02  1.142329097778759035e+02  1.142329097778759888e+02  1.142329097778762161e+02  1.142329097778765288e+02
125 4235 2.361239e-03 4.267944e+02  1.142329097778759035e+02  1.142329097778761025e+02  1.142329097778763014e+02  1.142329097778768414e+02
126 4251 1.879317e-03 4.412527e+02  1.142329097778759035e+02  1.142329097778759603e+02  1.142329097778761877e+02  1.142329097778768130e+02
127 4267 1.853518e-03 4.386755e+02  1.142329097778759035e+02  1.142329097778759746e+02  1.142329097778761877e+02  1.142329097778763582e+02
128 4283 1.572003e-03 4.296576e+02  1.142329097778759035e+02  1.142329097778759035e+02  1.142329097778761309e+02  1.142329097778764293e+02
129 4299 1.703050e-03 4.602405e+02  1.142329097778759035e+02  1.142329097778760030e+02  1.142329097778761451e+02  1.142329097778763867e+02
130 4315 1.739785e-03 4.552286e+02  1.142329097778759035e+02  1.142329097778760598e+02  1.142329097778761593e+02  1.142329097778763867e+02
131 4331 1.621212e-03 4.640475e+02  1.142329097778759035e+02  1.142329097778759888e+02  1.142329097778761877e+02  1.142329097778764009e+02
1 4365 1.081928e+02 4.718294e+02  1.142329097778759035e+02  6.421036140677492767e+02  2.972452531092739264e+03  7.415391367073310539e+04
2 4397 1.243060e+02 5.059675e+02  1.142329097778759035e+02  3.131335468805785922e+02  2.311824013449547238e+03  3.369299285668513767e+04
3 4429 1.343259e+02 5.023598e+02  1.142329097778759035e+02  2.111165297395662037e+02  3.057314902306343811e+03  3.403565146317712497e+05
4 4461 1.350183e+02 5.742209e+02  1.142329097778759035e+02  3.355826057689083655e+02  1.069631914516917732e+03  3.031311881067980721e+04
5 4493 1.405967e+02 4.923772e+02  1.142329097778759035e+02  4.774445250896413881e+02  1.164294765064141757e+03  3.124315951674629832e+04
6 4525 1.471622e+02 4.909292e+02  1.142329097778759035e+02  4.986511008258557354e+02  1.061013362544997108e+03  9.769057486924028126e+03
7 4557 1.426265e+02 6.069350e+02  1.142329097778759035e+02  3.647255512613367046e+02  9.201998873074609264e+02  3.833691067054527230e+04
8 4589 1.364057e+02 6.435155e+02  1.142329097778759035e+02  3.612339583991563359e+02  1.212506740071631611e+03  3.383542275702040206e+04
9 4621 1.255288e+02 5.532246e+02  1.142329097778759035e+02  1.396099369054795716e+02  1.073666690302247844e+03  4.883555738572550763e+04
10 4653 1.317053e+02 4.884445e+02  1.142329097778759035e+02  1.552870858657546194e+02  6.634734858387957956e+02  1.905715365129132988e+05
11 4685 1.228862e+02 4.393429e+02  1.142329097778759035e+02  1.421299849050110424e+02  7.987869171435597764e+02  4.895720268612045038e+04
12 4717 1.349706e+02 4.239719e+02  1.142329097778759035e+02  1.173495443114236281e+02  7.651737706775727474e+02  1.849724614855802793e+04
13 4749 1.300484e+02 3.719090e+02  1.142329097778759035e+02  1.268606591657730007e+02  5.883914962045741959e+02  8.981947889577200840e+03
14 4781 1.151994e+02 3.636351e+02  1.142329097778759035e+02  1.423751568676619286e+02  6.706083285769996110e+02  5.896360090155939542e+04
15 4813 1.053766e+02 3.582281e+02  1.142329097778759035e+02  1.352840825073938902e+02  5.456930545616635300e+02  2.894702664998338514e+04
16 4845 1.021493e+02 3.838789e+02  1.142329097778759035e+02  1.633580702984277480e+02  4.553351117351265884e+02  2.703856563055076913e+04
17 4877 1.030853e+02 3.338044e+02  1.142329097778759035e+02  1.314773311384744545e+02  4.677384678506805358e+02  7.954970493429603266e+03
18 4909 9.958828e+01 2.869330e+02  1.142329097778759035e+02  1.314313159876120949e+02  4.447726416355774290e+02  3.459897516820013607e+03
19 4941 8.888126e+01 2.529402e+02  1.142329097778759035e+02  1.250023924079226134e+02  3.329884056423728680e+02  2.372665768236082513e+05
20 4973 8.234948e+01 1.880121e+02  1.142329097778759035e+02  1.149630161485071653e+02  2.329350315896899986e+02  5.282820947077871300e+06
21 5005 7.715619e+01 1.653441e+02  1.142329097778759035e+02  1.264720219693066667e+02  1.955652440822788094e+02  2.952661399880887984e+03
22 5037 6.812213e+01 1.529474e+02  1.142329097778759035e+02  1.213115787782814863e+02  1.768311215937733039e+02  6.787939488750289456e+03
23 5069 7.316363e+01 1.376627e+02  1.142329097778759035e+02  1.306710716332354139e+02  1.578187001255339510e+02  3.545704833161703959e+02
24 5101 8.385306e+01 1.086990e+02  1.142329097778759035e+02  1.144848739846773924e+02  1.552868306866151329e+02  3.066350372046913435e+02
25 5133 9.502449e+01 9.059009e+01  1.142329097778759035e+02  1.153487303201111729e+02  1.404906017874260442e+02  3.919863757447151329e+02
26 5165 9.175518e+01 8.433997e+01  1.142329097778759035e+02  1.174535192832500456e+02  1.466081946417411643e+02  2.745348673394522621e+02
27 5197 9.242296e+01 7.763275e+01  1.142329097778759035e+02  1.179042925782600975e+02  1.312476091743745883e+02  1.917641428919475288e+02
28 5229 8.372950e+01 7.309018e+01  1.142329097778759035e+02  1.165905901766642216e+02  1.270004791201225771e+02  1.810938767169932646e+02
29 5261 7.733590e+01 6.151489e+01  1.142329097778759035e+02  1.145594381328018443e+02  1.209508368738631816e+02  1.580532527303062409e+02
30 5293 6.466184e+01 6.051509e+01  1.142329097778759035e+02  1.158429779357487774e+02  1.203319689119451539e+02  1.327513071338439090e+02
31 5325 6.149243e+01 5.737640e+01  1.142329097778759035e+02  1.146026021954080818e+02  1.190532939904449279e+02  1.272691205467218509e+02
32 5357 6.283790e+01 4.746913e+01  1.142329097778759035e+02  1.142715021851748531e+02  1.164232600926389125e+02  1.238613040841045887e+02
33 5389 5.747687e+01 5.100676e+01  1.142329097778759035e+02  1.142892318532760498e+02  1.157457675942295623e+02  1.197541439886743149e+02
34 5421 5.309259e+01 5.266734e+01  1.142329097778759035e+02  1.142654095653022921e+02  1.149209422309078263e+02  1.178534886740879983e+02
35 5453 5.186645e+01 5.527501e+01  1.142329097778759035e+02  1.142442791567701192e+02  1.149663759646810206e+02  1.170720460790843163e+02
36 5485 4.180875e+01 5.553023e+01  1.142329097778759035e+02  1.142612616706324644e+02  1.147104940097886754e+02  1.163440752663919397e+02
37 5517 3.876464e+01 5.640399e+01  1.142329097778759035e+02  1.142365530978700576e+02  1.144442857354342067e+02  1.151971676774497269e+02
38 5549 3.786448e+01 5.987394e+01  1.142329097778759035e+02  1.142432316897956923e+02  1.144012088324593037e+02  1.149678869828097874e+02
39 5581 4.304518e+01 6.284478e+01  1.142329097778759035e+02  1.142511580978935797e+02  1.143623132044601505e+02  1.144618266591535871e+02
40 5613 5.077123e+01 6.689031e+01  1.142329097778759035e+02  1.142451191937786774e+02  1.143138192002848115e+02  1.149004313327895659e+02
41 5645 4.347369e+01 6.645734e+01  1.142329097778759035e+02  1.142361891697128442e+02  1.143529301828466487e+02  1.146904885352452368e+02
42 5677 3.846408e+01 6.575204e+01  1.142329097778759035e+02  1.142420201939561935e+02  1.142798950402451226e+02  1.145165944401118168e+02
43 5709 3.328266e+01 6.979810e+01  1.142329097778759035e+02  1.142387505130996459e+02  1.142676959702997124e+02  1.143890575987169740e+02
44 5741 2.795417e+01 7.078599e+01  1.142329097778759035e+02  1.142341073986650741e+02  1.142472992339792199e+02  1.143133697031847476e+02
45 5773 2.732593e+01 7.290794e+01  1.142329097778759035e+02  1.142333947877972093e+02  1.142441931526602446e+02  1.142863021010188049e+02
46 5805 2.391698e+01 7.945737e+01  1.142329097778759035e+02  1.142332130523226539e+02  1.142395721839485390e+02  1.142562792067105590e+02
47 5837 2.344578e+01 8.081828e+01  1.142329097778759035e+02  1.142330368948618400e+02  1.142362267106293672e+02  1.142464484872051429e+02
48 5869 1.980668e+01 8.420823e+01  1.142329097778759035e+02  1.142331078596538845e+02  1.142354916974128400e+02  1.142402209327797920e+02
49 5901 1.683155e+01 8.836660e+01  1.142329097778759035e+02  1.142329530591846094e+02  1.142342904985019487e+02  1.142385396363803238e+02
50 5933 1.634983e+01 8.665742e+01  1.142329097778759035e+02  1.142330272763741021e+02  1.142337656831021349e+02  1.142376099719743934e+02
51 5965 1.371303e+01 8.537997e+01  1.142329097778759035e+02  1.142329671351962475e+02  1.142334880323622031e+02  1.142345414914591117e+02
52 5997 1.353375e+01 9.596359e+01  1.142329097778759035e+02  1.142329294774415160e+02  1.142331928049721057e+02  1.142344829866157312e+02
53 6029 1.372478e+01 9.505159e+01  1.142329097778759035e+02  1.142329199653154603e+02  1.142331127166775957e+02  1.142335022124633923e+02
54 6061 1.229462e+01 9.816513e+01  1.142329097778759035e+02  1.142329619282471924e+02  1.142330539053137954e+02  1.142333306210148862e+02
55 6093 1.284173e+01 9.375479e+01  1.142329097778759035e+02  1.142329211821863737e+02  1.142329795014579332e+02  1.142332723847027296e+02
56 6125 1.171962e+01 9.646807e+01  1.142329097778759035e+02  1.142329177436119210e+02  1.142329894200318563e+02  1.142331072649126895e+02
57 6157 1.012840e+01 1.120558e+02  1.142329097778759035e+02  1.142329139346856834e+02  1.142329687687962689e+02  1.142331596675702343e+02
58 6189 8.531249e+00 1.349322e+02  1.142329097778759035e+02  1.142329117171312873e+02  1.142329330143926427e+02  1.142330005151834484e+02
59 6221 7.297972e+00 1.618535e+02  1.142329097778759035e+02  1.142329097941187968e+02  1.142329169978117989e+02  1.142329701914759568e+02
60 6253 5.912298e+00 1.853058e+02  1.142329097778759035e+02  1.142329100651535327e+02  1.142329157140998319e+02  1.142329272100456308e+02
61 6285 5.831803e+00 2.096286e+02  1.142329097778759035e+02  1.142329099215214399e+02  1.142329126525947629e+02  1.142329190507065704e+02
62 6317 6.480024e+00 2.822440e+02  1.142329097778759035e+02  1.142329102894658490e+02  1.142329115926695522e+02  1.142329185106549829e+02
63 6349 5.507009e+00 3.731055e+02  1.142329097778759035e+02  1.142329098897008919e+02  1.142329117493050319e+02  1.142329210930753902e+02
64 6381 4.593782e+00 4.245462e+02  1.142329097778759035e+02  1.142329099011994344e+02  1.142329106329506914e+02  1.142329167365736851e+02
65 6413 3.756849e+00 5.153124e+02  1.142329097778759035e+02  1.142329097946580845e+02  1.142329101927625601e+02  1.142329116685401402e+02
66 6445 3.209207e+00 5.691310e+02  1.142329097778759035e+02  1.142329097825940494e+02  1.142329099785572737e+02  1.142329109932233706e+02
67 6477 3.266845e+00 7.494977e+02  1.142329097778759035e+02  1.142329097820595223e+02  1.142329098599231259e+02  1.142329104017787529e+02
68 6509 3.143626e+00 9.258260e+02  1.142329097778759035e+02  1.142329097903336645e+02  1.142329099058641191e+02  1.142329103278040066e+02
69 6541 2.500304e+00 1.078652e+03  1.142329097778759035e+02  1.142329097831588598e+02  1.142329098430502654e+02  1.142329099470334910e+02
70 6573 2.191326e+00 1.289916e+03  1.142329097778759035e+02  1.142329097800227657e+02  1.142329098119073763e+02  1.142329098602437085e+02
71 6605 1.933800e+00 1.476609e+03  1.142329097778759035e+02  1.142329097790193373e+02  1.142329097909014308e+02  1.142329098399790723e+02
72 6637 1.591847e+00 1.728689e+03  1.142329097778759035e+02  1.142329097781467766e+02  1.142329097891329894e+02  1.142329098062995030e+02
73 6669 1.321390e+00 1.834534e+03  1.142329097778759035e+02  1.142329097781924645e+02  1.142329097823700010e+02  1.142329097959273838e+02
74 6701 1.120063e+00 1.845095e+03  1.142329097778759035e+02  1.142329097779562233e+02  1.142329097796311856e+02  1.142329097858326747e+02
75 6733 9.339209e-01 2.077447e+03  1.142329097778759035e+02  1.142329097779275173e+02  1.142329097789733083e+02  1.142329097815376997e+02
76 6765 8.635161e-01 2.533977e+03  1.142329097778759035e+02  1.142329097779393692e+02  1.142329097783419485e+02  1.142329097797725836e+02
77 6797 7.580259e-01 2.867004e+03  1.142329097778759035e+02  1.142329097779303311e+02  1.142329097781817779e+02  1.142329097788487644e+02
78 6829 6.578660e-01 3.151338e+03  1.142329097778759035e+02  1.142329097778844016e+02  1.142329097780956317e+02  1.142329097784541148e+02
79 6861 5.217871e-01 3.584362e+03  1.142329097778759035e+02  1.142329097778783193e+02  1.142329097779489473e+02  1.142329097782277358e+02
80 6893 5.371863e-01 4.890932e+03  1.142329097778759035e+02  1.142329097778787173e+02  1.142329097779069258e+02  1.142329097779924894e+02
81 6925 4.430967e-01 5.521125e+03  1.142329097778759035e+02  1.142329097778770688e+02  1.142329097779035578e+02  1.142329097779700504e+02
82 6957 3.527103e-01 5.451390e+03  1.142329097778759035e+02  1.142329097778769693e+02  1.142329097778933829e+02  1.142329097779307290e+02
83 6989 3.045387e-01 5.799058e+03  1.142329097778759035e+02  1.142329097778764719e+02  1.142329097778818721e+02  1.142329097779017957e+02
84 7021 2.771880e-01 7.523376e+03  1.142329097778759035e+02  1.142329097778761877e+02  1.142329097778790725e+02  1.142329097778966087e+02
85 7053 2.470623e-01 8.358980e+03  1.142329097778759035e+02  1.142329097778762161e+02  1.142329097778782057e+02  1.142329097778861779e+02
86 7085 2.135297e-01 8.772430e+03  1.142329097778759035e+02  1.142329097778760172e+02  1.142329097778769551e+02  1.142329097778840321e+02
87 7117 2.443388e-01 1.305224e+04  1.142329097778759035e+02  1.142329097778759461e+02  1.142329097778768130e+02  1.142329097778784330e+02
88 7149 1.957489e-01 1.375039e+04  1.142329097778759035e+02  1.142329097778761025e+02  1.142329097778765856e+02  1.142329097778780067e+02
89 7181 1.821167e-01 1.400275e+04  1.142329097778759035e+02  1.142329097778759888e+02  1.142329097778763867e+02  1.142329097778771967e+02
90 7213 1.652331e-01 1.495067e+04  1.142329097778759035e+02  1.142329097778760030e+02  1.142329097778762730e+02  1.142329097778768130e+02
91 7245 1.911816e-01 2.245569e+04  1.142329097778759035e+02  1.142329097778759319e+02  1.142329097778762588e+02  1.142329097778766993e+02
92 7277 1.831044e-01 2.790483e+04  1.142329097778759035e+02  1.142329097778759461e+02  1.142329097778762730e+02  1.142329097778766851e+02
93 7309 1.757645e-01 3.044163e+04  1.142329097778759035e+02  1.142329097778759888e+02  1.142329097778762161e+02  1.142329097778766709e+02
94 7341 1.761044e-01 2.751317e+04  1.142329097778759035e+02  1.142329097778759461e+02  1.142329097778761877e+02  1.142329097778764293e+02
95 7373 1.775105e-01 2.762650e+04  1.142329097778759035e+02  1.142329097778759746e+02  1.142329097778762019e+02  1.142329097778764151e+02
96 7405 1.911543e-01 3.156465e+04  1.142329097778759035e+02  1.142329097778760030e+02  1.142329097778761877e+02  1.142329097778764009e+02
1 7471 1.096592e+02 3.270384e+02  1.142329097778759035e+02  1.951886002906754243e+02  3.611179780078898148e+03  3.744020651700340677e+06
2 7535 1.102146e+02 2.953781e+02  1.142329097778759035e+02  1.539374556204778344e+02  1.295752547548971506e+03  1.000265032258936088e+06
3 7599 1.283556e+02 3.305625e+02  1.142329097778759035e+02  2.431811057435095336e+02  1.557265547154391243e+03  3.441564031851355103e+05
4 7663 1.545518e+02 2.643744e+02  1.142329097778759035e+02  1.561282823797074570e+02  1.143009448603156216e+03  3.774373588199554943e+05
5 7727 1.568923e+02 2.372588e+02  1.142329097778759035e+02  1.388749843016931607e+02  9.553018244263109864e+02  8.095122006477737159e+04
6 7791 1.626779e+02 1.881543e+02  1.142329097778759035e+02  1.609438857417913766e+02  8.585007645587280649e+02  1.339170542224085148e+04
7 7855 1.504571e+02 1.519100e+02  1.142329097778759035e+02  1.351197235583331917e+02  7.003682228584625591e+02  3.010747425177867413e+08
8 7919 1.590388e+02 1.012644e+02  1.142329097778759035e+02  1.282281508783309221e+02  3.853289375879983254e+02  5.028055918951833621e+06
9 7983 1.531858e+02 7.040215e+01  1.142329097778759035e+02  1.280923125823734381e+02  2.752358270047911333e+02  4.606482006748295680e+04
10 8047 1.522128e+02 6.849952e+01  1.142329097778759035e+02  1.189452022932951536e+02  1.872036315680318808e+02  6.323042804245048956e+02
11 8111 1.671178e+02 6.194868e+01  1.142329097778759035e+02  1.173818830205004247e+02  1.526923800397884747e+02  2.989831538395539496e+02
12 8175 1.827399e+02 4.545183e+01  1.142329097778759035e+02  1.190543810144715593e+02  1.507062907305309807e+02  3.062788239592342165e+02
13 8239 1.737635e+02 3.878070e+01  1.142329097778759035e+02  1.154521540897260365e+02  1.478029621439135610e+02  2.307539236270135348e+02
14 8303 1.747752e+02 3.114413e+01  1.142329097778759035e+02  1.144797229255915596e+02  1.308337716591512674e+02  1.958773028103578042e+02
15 8367 1.990690e+02 2.481111e+01  1.142329097778759035e+02  1.145368936845013792e+02  1.277237596894883467e+02  1.674792568968660760e+02
16 8431 1.677994e+02 2.973130e+01  1.142329097778759035e+02  1.147483675498702382e+02  1.307856881255251551e+02  1.575751449809721692e+02
17 8495 1.717116e+02 3.617546e+01  1.142329097778759035e+02  1.146964372682622297e+02  1.240813044966415362e+02  1.511137321071105930e+02
18 8559 2.017026e+02 5.403138e+01  1.142329097778759035e+02  1.144727763174383881e+02  1.198349753627597352e+02  1.360900718525727200e+02
19 8623 2.034692e+02 5.315006e+01  1.142329097778759035e+02  1.145081073397351332e+02  1.192553460791407076e+02  1.392907109048404664e+02
20 8687 1.984669e+02 4.935237e+01  1.142329097778759035e+02  1.142725114322862225e+02  1.171196733065708031e+02  1.633145793588926722e+02
21 8751 1.956381e+02 4.836034e+01  1.142329097778759035e+02  1.143312070344531719e+02  1.160503974134769436e+02  1.306009590759088326e+02
22 8815 1.891866e+02 4.509961e+01  1.142329097778759035e+02  1.142674880698512538e+02  1.149670715086627126e+02  1.191995272891108755e+02
23 8879 1.666190e+02 4.746813e+01  1.142329097778759035e+02  1.142411132079225098e+02  1.147433364442885306e+02  1.170057907945999318e+02
24 8943 1.780187e+02 4.252867e+01  1.142329097778759035e+02  1.142448682857920232e+02  1.145114115728510029e+02  1.154798316592738701e+02
25 9007 1.631229e+02 4.499402e+01  1.142329097778759035e+02  1.142448619133568855e+02  1.144286838735822869e+02  1.154515879473481874e+02
26 9071 1.450679e+02 4.778508e+01  1.142329097778759035e+02  1.142405309088150318e+02  1.143326945586276793e+02  1.148592645831478052e+02
27 9135 1.327032e+02 5.120562e+01  1.142329097778759035e+02  1.142343946390524252e+02  1.142693150444022905e+02  1.144896394699298980e+02
28 9199 1.122740e+02 5.308429e+01  1.142329097778759035e+02  1.142333121470806390e+02  1.142487632365212562e+02  1.143143549728892054e+02
29 9263 1.172604e+02 5.647174e+01  1.142329097778759035e+02  1.142334503731812845e+02  1.142378875956904380e+02  1.142546333405696259e+02
30 9327 9.901598e+01 7.529806e+01  1.142329097778759035e+02  1.142330495368515528e+02  1.142361484330207304e+02  1.142520309521740671e+02
31 9391 9.031411e+01 8.573103e+01  1.142329097778759035e+02  1.142329517193129647e+02  1.142341662266578339e+02  1.142395791246903229e+02
32 9455 8.762684e+01 1.094719e+02  1.142329097778759035e+02  1.142329341364481081e+02  1.142334949078145314e+02  1.142363199049904381e+02
33 9519 8.325718e+01 1.451683e+02  1.142329097778759035e+02  1.142329104314800219e+02  1.142333295964379545e+02  1.142349073693352608e+02
34 9583 7.168462e+01 2.392647e+02  1.142329097778759035e+02  1.142329253511363305e+02  1.142330628971807727e+02  1.142340355036727431e+02
35 9647 6.293687e+01 3.267017e+02  1.142329097778759035e+02  1.142329116743530051e+02  1.142329732826199802e+02  1.142332240680144508e+02
36 9711 5.362113e+01 4.563230e+02  1.142329097778759035e+02  1.142329100652242744e+02  1.142329372201123476e+02  1.142330061009916022e+02
37 9775 5.088443e+01 6.288402e+02  1.142329097778759035e+02  1.142329098012793906e+02  1.142329206606872702e+02  1.142329624627422930e+02
38 9839 4.599190e+01 9.166957e+02  1.142329097778759035e+02  1.142329102831287173e+02  1.142329139993395586e+02  1.142329255901461096e+02
39 9903 4.071988e+01 1.280462e+03  1.142329097778759035e+02  1.142329098671477823e+02  1.142329112996194169e+02  1.142329182808577741e+02
40 9967 3.590013e+01 1.605808e+03  1.142329097778759035e+02  1.142329098187326224e+02  1.142329103667353252e+02  1.142329128151046973e+02
41 10031 3.348606e+01 1.866806e+03  1.142329097778759035e+02  1.142329098147019693e+02  1.142329099657614222e+02  1.142329111722677908e+02
42 10095 3.198990e+01 2.171784e+03  1.142329097778759035e+02  1.142329097855649991e+02  1.142329099117424107e+02  1.142329105609581603e+02
43 10159 2.987493e+01 2.651239e+03  1.142329097778759035e+02  1.142329097798308482e+02  1.142329098432228989e+02  1.142329100778970457e+02
44 10223 2.622984e+01 3.919966e+03  1.142329097778759035e+02  1.142329097795909121e+02  1.142329098078982099e+02  1.142329099480641048e+02
45 10287 2.384020e+01 4.893224e+03  1.142329097778759035e+02  1.142329097779969800e+02  1.142329097895629673e+02  1.142329098435920258e+02
46 10351 2.140265e+01 6.662921e+03  1.142329097778759035e+02  1.142329097781890113e+02  1.142329097820735058e+02  1.142329098071304543e+02
47 10415 2.002823e+01 9.198538e+03  1.142329097778759035e+02  1.142329097779487341e+02  1.142329097793726191e+02  1.142329097856175935e+02
48 10479 2.005559e+01 1.146624e+04  1.142329097778759035e+02  1.142329097779853839e+02  1.142329097787537364e+02  1.142329097825045210e+02
49 10543 1.695026e+01 1.572158e+04  1.142329097778759035e+02  1.142329097779143723e+02  1.142329097784229646e+02  1.142329097801987245e+02
50 10607 1.594834e+01 1.905483e+04  1.142329097778759035e+02  1.142329097778951024e+02  1.142329097780563245e+02  1.142329097784394207e+02
51 10671 1.599171e+01 2.487883e+04  1.142329097778759035e+02  1.142329097778810194e+02  1.142329097779487768e+02  1.142329097782188683e+02
52 10735 1.495124e+01 3.292936e+04  1.142329097778759035e+02  1.142329097778780920e+02  1.142329097779299047e+02  1.142329097780539229e+02
53 10799 1.246832e+01 4.701692e+04  1.142329097778759035e+02  1.142329097778774241e+02  1.142329097779036147e+02  1.142329097779889224e+02
54 10863 1.081443e+01 5.856367e+04  1.142329097778759035e+02  1.142329097778772109e+02  1.142329097778831084e+02  1.142329097779039699e+02
55 10927 1.024261e+01 7.406817e+04  1.142329097778759035e+02  1.142329097778762161e+02  1.142329097778797404e+02  1.142329097778977314e+02
56 10991 9.816419e+00 8.763314e+04  1.142329097778759035e+02  1.142329097778759746e+02  1.142329097778778220e+02  1.142329097778830373e+02
57 11055 9.027676e+00 9.784530e+04  1.142329097778759035e+02  1.142329097778759603e+02  1.142329097778768414e+02  1.142329097778805078e+02
58 11119 8.378783e+00 1.242952e+05  1.142329097778759035e+02  1.142329097778759603e+02  1.142329097778764151e+02  1.142329097778774383e+02
59 11183 7.241524e+00 1.403115e+05  1.142329097778759035e+02  1.142329097778759177e+02  1.142329097778763014e+02  1.142329097778769977e+02
60 11247 7.455375e+00 2.103384e+05  1.142329097778758751e+02  1.142329097778758751e+02  1.142329097778761593e+02  1.142329097778765856e+02
61 11311 6.639433e+00 2.638428e+05  1.142329097778758751e+02  1.142329097778759177e+02  1.142329097778761735e+02  1.142329097778765430e+02
62 11375 6.184757e+00 3.503312e+05  1.142329097778758182e+02  1.142329097778758182e+02  1.142329097778761451e+02  1.142329097778764151e+02
63 11439 6.418087e+00 4.046050e+05  1.142329097778758182e+02  1.142329097778758609e+02  1.142329097778760882e+02  1.142329097778764009e+02
64 11503 5.876814e+00 3.701407e+05  1.142329097778758182e+02  1.142329097778759035e+02  1.142329097778761025e+02  1.142329097778763440e+02
65 11567 4.883765e+00 4.291692e+05  1.142329097778758182e+02  1.142329097778758467e+02  1.142329097778761309e+02  1.142329097778763440e+02
66 11631 4.860561e+00 5.648337e+05  1.142329097778758182e+02  1.142329097778758324e+02  1.142329097778761309e+02  1.142329097778763440e+02
