%  columns="iteration, evaluation, void, void, void, xmean" (startseed=210463, 2022/07/14 11:16:34.63)
0 1 0 0 0 5.000000e+01 1.750000e+02 1.000000e+00 1.000000e+00 
1 9 0 0 0 2.712858e+01 1.841523e+02 1.187677e+00 8.300873e-01 
2 17 0 0 0 2.709572e+01 2.810462e+02 8.056811e-01 7.126668e-01 
3 25 0 0 0 3.051847e+01 2.392311e+02 9.377125e-01 7.577509e-01 
4 33 0 0 0 5.516338e+01 2.441398e+02 6.995923e-01 8.210090e-01 
5 41 0 0 0 4.756846e+01 2.071877e+02 6.278459e-01 8.557967e-01 
6 49 0 0 0 5.297250e+01 1.846029e+02 8.581836e-01 7.936484e-01 
7 57 0 0 0 6.392823e+01 1.810650e+02 9.075580e-01 7.636928e-01 
8 65 0 0 0 5.573223e+01 2.390048e+02 7.983955e-01 7.621075e-01 
9 73 0 0 0 4.780462e+01 2.012984e+02 7.370870e-01 8.556857e-01 
10 81 0 0 0 4.152820e+01 2.071619e+02 5.670599e-01 7.157353e-01 
11 89 0 0 0 4.744217e+01 2.081796e+02 5.045382e-01 7.624924e-01 
12 97 0 0 0 4.510798e+01 2.051759e+02 3.520645e-01 7.701142e-01 
13 105 0 0 0 3.896333e+01 1.984049e+02 3.348232e-01 6.659563e-01 
14 113 0 0 0 3.548608e+01 2.162856e+02 2.406408e-01 6.810382e-01 
15 121 0 0 0 3.930666e+01 1.943976e+02 4.379947e-01 7.553208e-01 
16 129 0 0 0 4.252168e+01 1.958295e+02 4.377411e-01 7.029682e-01 
17 137 0 0 0 3.842735e+01 2.006736e+02 3.900375e-01 6.311624e-01 
18 145 0 0 0 3.886021e+01 2.088047e+02 3.639565e-01 6.361235e-01 
19 153 0 0 0 3.645346e+01 2.074214e+02 3.535878e-01 6.634850e-01 
20 161 0 0 0 3.520994e+01 2.120622e+02 2.944410e-01 6.726918e-01 
21 169 0 0 0 3.908391e+01 2.089516e+02 2.539919e-01 6.671795e-01 
22 177 0 0 0 3.854223e+01 2.047106e+02 2.762668e-01 6.676937e-01 
23 185 0 0 0 3.585874e+01 2.098788e+02 3.112138e-01 6.707690e-01 
24 193 0 0 0 3.695707e+01 2.088564e+02 3.428950e-01 6.738386e-01 
25 201 0 0 0 3.577979e+01 2.128371e+02 3.330235e-01 6.749633e-01 
26 209 0 0 0 3.544559e+01 2.141041e+02 3.569205e-01 6.736671e-01 
27 217 0 0 0 3.542936e+01 2.154511e+02 3.599837e-01 6.737509e-01 
28 225 0 0 0 3.688247e+01 2.115905e+02 3.496646e-01 6.792551e-01 
29 233 0 0 0 3.615771e+01 2.130923e+02 3.281773e-01 6.776563e-01 
30 241 0 0 0 3.659665e+01 2.120824e+02 3.237707e-01 6.798748e-01 
31 249 0 0 0 3.609495e+01 2.128629e+02 3.115211e-01 6.801792e-01 
32 257 0 0 0 3.586569e+01 2.124859e+02 2.988096e-01 6.787341e-01 
33 265 0 0 0 3.655307e+01 2.116513e+02 2.971706e-01 6.819034e-01 
34 273 0 0 0 3.631155e+01 2.126510e+02 2.875912e-01 6.786821e-01 
35 281 0 0 0 3.614960e+01 2.123610e+02 2.895798e-01 6.810621e-01 
36 289 0 0 0 3.638955e+01 2.119397e+02 3.019457e-01 6.835261e-01 
37 297 0 0 0 3.640568e+01 2.117971e+02 3.058377e-01 6.845695e-01 
38 305 0 0 0 3.653470e+01 2.121152e+02 2.972580e-01 6.843726e-01 
39 313 0 0 0 3.655726e+01 2.119802e+02 2.986502e-01 6.852463e-01 
40 321 0 0 0 3.643987e+01 2.116016e+02 3.046615e-01 6.847521e-01 
41 329 0 0 0 3.654603e+01 2.114920e+02 3.066729e-01 6.831843e-01 
42 337 0 0 0 3.655518e+01 2.120298e+02 3.064138e-01 6.822829e-01 
43 345 0 0 0 3.662598e+01 2.120708e+02 3.120080e-01 6.849808e-01 
44 353 0 0 0 3.650449e+01 2.120212e+02 3.164365e-01 6.859273e-01 
45 361 0 0 0 3.650236e+01 2.121143e+02 3.261011e-01 6.886462e-01 
46 369 0 0 0 3.639835e+01 2.125380e+02 3.286228e-01 6.876380e-01 
47 377 0 0 0 3.652445e+01 2.121352e+02 3.420058e-01 6.879958e-01 
48 385 0 0 0 3.653853e+01 2.116955e+02 3.547116e-01 6.897823e-01 
49 393 0 0 0 3.646897e+01 2.119856e+02 3.656723e-01 6.893794e-01 
50 401 0 0 0 3.635645e+01 2.117800e+02 3.668420e-01 6.904348e-01 
51 409 0 0 0 3.632655e+01 2.123758e+02 3.740149e-01 6.926174e-01 
52 417 0 0 0 3.633981e+01 2.125246e+02 4.045065e-01 6.984197e-01 
53 425 0 0 0 3.621852e+01 2.127509e+02 4.178117e-01 6.992595e-01 
54 433 0 0 0 3.626526e+01 2.120993e+02 4.710748e-01 7.017890e-01 
55 441 0 0 0 3.624341e+01 2.125649e+02 5.097440e-01 6.998777e-01 
56 449 0 0 0 3.677830e+01 2.125017e+02 5.341418e-01 7.069946e-01 
57 457 0 0 0 3.667901e+01 2.129238e+02 6.180575e-01 7.122392e-01 
58 465 0 0 0 3.699780e+01 2.126385e+02 6.626733e-01 7.180832e-01 
59 473 0 0 0 3.644724e+01 2.128427e+02 7.022339e-01 7.272566e-01 
60 481 0 0 0 3.648503e+01 2.120896e+02 7.607289e-01 7.357726e-01 
61 489 0 0 0 3.665068e+01 2.134234e+02 8.615298e-01 7.449980e-01 
62 497 0 0 0 3.649450e+01 2.143378e+02 8.862756e-01 7.423816e-01 
63 505 0 0 0 3.635337e+01 2.143211e+02 8.793318e-01 7.405183e-01 
64 513 0 0 0 3.665537e+01 2.140160e+02 9.414041e-01 7.480672e-01 
65 521 0 0 0 3.650223e+01 2.138331e+02 9.262097e-01 7.453259e-01 
66 529 0 0 0 3.675573e+01 2.133211e+02 9.015247e-01 7.449753e-01 
67 537 0 0 0 3.665358e+01 2.129219e+02 9.650753e-01 7.474843e-01 
68 545 0 0 0 3.657191e+01 2.128205e+02 9.758653e-01 7.503017e-01 
69 553 0 0 0 3.652551e+01 2.126749e+02 9.352487e-01 7.436703e-01 
70 561 0 0 0 3.646768e+01 2.131367e+02 9.520354e-01 7.431357e-01 
71 569 0 0 0 3.650990e+01 2.128177e+02 9.889734e-01 7.468735e-01 
72 577 0 0 0 3.643574e+01 2.133864e+02 9.815477e-01 7.463837e-01 
73 585 0 0 0 3.644078e+01 2.136238e+02 9.758717e-01 7.449192e-01 
74 593 0 0 0 3.643133e+01 2.135760e+02 9.897663e-01 7.483051e-01 
75 601 0 0 0 3.643449e+01 2.134127e+02 9.902706e-01 7.485468e-01 
76 609 0 0 0 3.656638e+01 2.133569e+02 9.884005e-01 7.473966e-01 
77 617 0 0 0 3.650521e+01 2.132252e+02 9.802324e-01 7.460592e-01 
78 625 0 0 0 3.652627e+01 2.131505e+02 9.916359e-01 7.476976e-01 
79 633 0 0 0 3.639853e+01 2.131283e+02 9.889173e-01 7.466594e-01 
80 641 0 0 0 3.650343e+01 2.131046e+02 9.844535e-01 7.457188e-01 
81 649 0 0 0 3.653853e+01 2.131828e+02 9.838712e-01 7.456122e-01 
82 657 0 0 0 3.656818e+01 2.131547e+02 9.868448e-01 7.460901e-01 
83 665 0 0 0 3.655502e+01 2.131312e+02 9.958698e-01 7.468480e-01 
84 673 0 0 0 3.653763e+01 2.130373e+02 9.961978e-01 7.456380e-01 
85 681 0 0 0 3.656345e+01 2.131713e+02 9.938281e-01 7.453894e-01 
86 689 0 0 0 3.651827e+01 2.132048e+02 9.961426e-01 7.445655e-01 
87 697 0 0 0 3.653029e+01 2.130585e+02 9.978840e-01 7.445253e-01 
88 705 0 0 0 3.658470e+01 2.131063e+02 9.944955e-01 7.453054e-01 
89 713 0 0 0 3.659492e+01 2.130837e+02 9.917741e-01 7.443690e-01 
90 721 0 0 0 3.662197e+01 2.130494e+02 9.926826e-01 7.437427e-01 
91 729 0 0 0 3.660534e+01 2.130804e+02 9.961254e-01 7.434201e-01 
92 737 0 0 0 3.656347e+01 2.131391e+02 9.973937e-01 7.440010e-01 
93 745 0 0 0 3.657026e+01 2.131379e+02 9.977593e-01 7.437750e-01 
94 753 0 0 0 3.651852e+01 2.131208e+02 9.972730e-01 7.434240e-01 
95 761 0 0 0 3.651608e+01 2.130898e+02 9.975590e-01 7.426760e-01 
96 769 0 0 0 3.652119e+01 2.131619e+02 9.968546e-01 7.426721e-01 
97 777 0 0 0 3.652413e+01 2.131584e+02 9.995317e-01 7.432979e-01 
98 785 0 0 0 3.652209e+01 2.131464e+02 9.996824e-01 7.431387e-01 
99 793 0 0 0 3.652540e+01 2.131220e+02 9.991849e-01 7.429073e-01 
100 801 0 0 0 3.654226e+01 2.131235e+02 9.999547e-01 7.428028e-01 
101 809 0 0 0 3.655839e+01 2.131037e+02 9.987527e-01 7.427298e-01 
102 817 0 0 0 3.654922e+01 2.131289e+02 9.997370e-01 7.430992e-01 
103 825 0 0 0 3.655354e+01 2.131206e+02 9.988201e-01 7.429742e-01 
104 833 0 0 0 3.654737e+01 2.131471e+02 9.983066e-01 7.430790e-01 
105 841 0 0 0 3.651875e+01 2.131977e+02 9.991630e-01 7.433048e-01 
106 849 0 0 0 3.650815e+01 2.132187e+02 9.994853e-01 7.431597e-01 
107 857 0 0 0 3.649062e+01 2.132330e+02 9.989233e-01 7.429541e-01 
108 865 0 0 0 3.650594e+01 2.132176e+02 9.992240e-01 7.426853e-01 
109 873 0 0 0 3.650914e+01 2.132572e+02 9.985887e-01 7.427496e-01 
110 881 0 0 0 3.652051e+01 2.132233e+02 9.984075e-01 7.429304e-01 
111 889 0 0 0 3.651736e+01 2.132444e+02 9.997233e-01 7.432933e-01 
112 897 0 0 0 3.654362e+01 2.132130e+02 9.993659e-01 7.429096e-01 
113 905 0 0 0 3.652756e+01 2.132024e+02 1.000175e+00 7.427320e-01 
114 913 0 0 0 3.653226e+01 2.132127e+02 1.000123e+00 7.425314e-01 
115 921 0 0 0 3.651719e+01 2.131954e+02 9.995760e-01 7.419953e-01 
116 929 0 0 0 3.652076e+01 2.131993e+02 1.000339e+00 7.418013e-01 
117 937 0 0 0 3.652902e+01 2.131851e+02 1.000172e+00 7.414129e-01 
118 945 0 0 0 3.652352e+01 2.131874e+02 1.000242e+00 7.405761e-01 
119 953 0 0 0 3.651792e+01 2.131822e+02 1.000425e+00 7.401682e-01 
120 961 0 0 0 3.649897e+01 2.132037e+02 1.000038e+00 7.390800e-01 
121 969 0 0 0 3.648141e+01 2.132614e+02 9.995475e-01 7.380252e-01 
122 977 0 0 0 3.649924e+01 2.131984e+02 1.000825e+00 7.369044e-01 
123 985 0 0 0 3.645357e+01 2.132590e+02 1.000482e+00 7.327830e-01 
124 993 0 0 0 3.646526e+01 2.131474e+02 9.968835e-01 7.305200e-01 
125 1001 0 0 0 3.640260e+01 2.132319e+02 9.938664e-01 7.230991e-01 
126 1009 0 0 0 3.636095e+01 2.134880e+02 9.994114e-01 7.211184e-01 
127 1017 0 0 0 3.638061e+01 2.136146e+02 1.001301e+00 7.147226e-01 
128 1025 0 0 0 3.640073e+01 2.135459e+02 9.982565e-01 7.095219e-01 
129 1033 0 0 0 3.649158e+01 2.132585e+02 9.961220e-01 6.953685e-01 
130 1041 0 0 0 3.651604e+01 2.132860e+02 9.981822e-01 6.729896e-01 
131 1049 0 0 0 3.637294e+01 2.138873e+02 9.997042e-01 6.358174e-01 
132 1057 0 0 0 3.630300e+01 2.139377e+02 9.779501e-01 6.165329e-01 
133 1065 0 0 0 3.627990e+01 2.138601e+02 9.703388e-01 5.632178e-01 
134 1073 0 0 0 3.611862e+01 2.141316e+02 9.387847e-01 4.505237e-01 
135 1081 0 0 0 3.603846e+01 2.133009e+02 9.599951e-01 2.697172e-01 
136 1089 0 0 0 3.611183e+01 2.137058e+02 9.100334e-01 1.790782e-01 
137 1097 0 0 0 3.619289e+01 2.159511e+02 8.761698e-01 8.645870e-02 
138 1105 0 0 0 3.665430e+01 2.147249e+02 8.408681e-01 3.263584e-01 
139 1113 0 0 0 3.676679e+01 2.157688e+02 7.621849e-01 2.822758e-01 
140 1121 0 0 0 3.709983e+01 2.148171e+02 8.563938e-01 1.065057e-01 
141 1129 0 0 0 3.730505e+01 2.139420e+02 8.771320e-01 6.901980e-02 
142 1137 0 0 0 3.730042e+01 2.153238e+02 8.073115e-01 1.067848e-01 
143 1145 0 0 0 3.682179e+01 2.166048e+02 7.961880e-01 2.937096e-02 
144 1153 0 0 0 3.702713e+01 2.155396e+02 8.129715e-01 5.247783e-02 
145 1161 0 0 0 3.642055e+01 2.169604e+02 8.511068e-01 4.083072e-02 
146 1169 0 0 0 3.602885e+01 2.177145e+02 8.801403e-01 7.100747e-02 
147 1177 0 0 0 3.654148e+01 2.167054e+02 8.074521e-01 1.511809e-02 
148 1185 0 0 0 3.675259e+01 2.153045e+02 8.158020e-01 8.091377e-02 
149 1193 0 0 0 3.616112e+01 2.155949e+02 8.436473e-01 7.933662e-02 
150 1201 0 0 0 3.629382e+01 2.150466e+02 8.567738e-01 5.954322e-02 
151 1209 0 0 0 3.636152e+01 2.147004e+02 8.503458e-01 2.614474e-02 
152 1217 0 0 0 3.638553e+01 2.149379e+02 8.594794e-01 3.023623e-02 
153 1225 0 0 0 3.603786e+01 2.157323e+02 8.573885e-01 5.001569e-02 
154 1233 0 0 0 3.608501e+01 2.160366e+02 8.449767e-01 2.316234e-02 
155 1241 0 0 0 3.607695e+01 2.161175e+02 8.559900e-01 3.044944e-02 
156 1249 0 0 0 3.622345e+01 2.162042e+02 8.652235e-01 3.998062e-02 
157 1257 0 0 0 3.628018e+01 2.164369e+02 8.616663e-01 2.832116e-02 
158 1265 0 0 0 3.631624e+01 2.170539e+02 8.608439e-01 2.116990e-02 
159 1273 0 0 0 3.635279e+01 2.173256e+02 8.656266e-01 1.158552e-02 
160 1281 0 0 0 3.617860e+01 2.173366e+02 8.893807e-01 1.540951e-02 
161 1289 0 0 0 3.638702e+01 2.176561e+02 8.867428e-01 1.889719e-02 
162 1297 0 0 0 3.648329e+01 2.179881e+02 8.890019e-01 1.864171e-02 
163 1305 0 0 0 3.646106e+01 2.180567e+02 8.976484e-01 1.811327e-02 
164 1313 0 0 0 3.643954e+01 2.176702e+02 8.857952e-01 2.059658e-02 
165 1321 0 0 0 3.649333e+01 2.174028e+02 8.851226e-01 1.743957e-02 
166 1329 0 0 0 3.644590e+01 2.172863e+02 8.808223e-01 1.471736e-02 
167 1337 0 0 0 3.641568e+01 2.176940e+02 8.908601e-01 1.046805e-02 
168 1345 0 0 0 3.640757e+01 2.176926e+02 9.022549e-01 1.823162e-02 
169 1353 0 0 0 3.642256e+01 2.177017e+02 8.980564e-01 1.543691e-02 
170 1361 0 0 0 3.641282e+01 2.176719e+02 9.005352e-01 1.515193e-02 
171 1369 0 0 0 3.644459e+01 2.177024e+02 9.028319e-01 1.098504e-02 
172 1377 0 0 0 3.645885e+01 2.175596e+02 9.038650e-01 1.264399e-02 
173 1385 0 0 0 3.649711e+01 2.174667e+02 9.023589e-01 1.409081e-02 
174 1393 0 0 0 3.649714e+01 2.176096e+02 9.049787e-01 1.668239e-02 
175 1401 0 0 0 3.648297e+01 2.175362e+02 8.992708e-01 1.705406e-02 
176 1409 0 0 0 3.648406e+01 2.175396e+02 8.973637e-01 1.421359e-02 
177 1417 0 0 0 3.648816e+01 2.175526e+02 8.995196e-01 1.304619e-02 
178 1425 0 0 0 3.649995e+01 2.176044e+02 9.034221e-01 1.308299e-02 
179 1433 0 0 0 3.651952e+01 2.176006e+02 9.024532e-01 1.489220e-02 
180 1441 0 0 0 3.651074e+01 2.176409e+02 9.054104e-01 1.580284e-02 
181 1449 0 0 0 3.650127e+01 2.176550e+02 9.029347e-01 1.590372e-02 
182 1457 0 0 0 3.649856e+01 2.176440e+02 9.035856e-01 1.455363e-02 
183 1465 0 0 0 3.649261e+01 2.176731e+02 9.073767e-01 1.547820e-02 
184 1473 0 0 0 3.650793e+01 2.176598e+02 9.066383e-01 1.566514e-02 
185 1481 0 0 0 3.649241e+01 2.176582e+02 9.047873e-01 1.557237e-02 
186 1489 0 0 0 3.649509e+01 2.176667e+02 9.034150e-01 1.572226e-02 
187 1497 0 0 0 3.648984e+01 2.176801e+02 9.035006e-01 1.559770e-02 
188 1505 0 0 0 3.649549e+01 2.176591e+02 9.046499e-01 1.570706e-02 
189 1513 0 0 0 3.649573e+01 2.176434e+02 9.039036e-01 1.598976e-02 
190 1521 0 0 0 3.649305e+01 2.176690e+02 9.049454e-01 1.599886e-02 
191 1529 0 0 0 3.649070e+01 2.176640e+02 9.053277e-01 1.578667e-02 
192 1537 0 0 0 3.648505e+01 2.176730e+02 9.054039e-01 1.570284e-02 
193 1545 0 0 0 3.648414e+01 2.176755e+02 9.058299e-01 1.567083e-02 
194 1553 0 0 0 3.648627e+01 2.176708e+02 9.055142e-01 1.568556e-02 
195 1561 0 0 0 3.648676e+01 2.176615e+02 9.053930e-01 1.576949e-02 
196 1569 0 0 0 3.648683e+01 2.176637e+02 9.054557e-01 1.566184e-02 
197 1577 0 0 0 3.648885e+01 2.176624e+02 9.055214e-01 1.565758e-02 
198 1585 0 0 0 3.648696e+01 2.176636e+02 9.057080e-01 1.565894e-02 
199 1593 0 0 0 3.648598e+01 2.176646e+02 9.058751e-01 1.571165e-02 
200 1601 0 0 0 3.648488e+01 2.176689e+02 9.060737e-01 1.572984e-02 
201 1609 0 0 0 3.648525e+01 2.176728e+02 9.062759e-01 1.573477e-02 
202 1617 0 0 0 3.648485e+01 2.176715e+02 9.065320e-01 1.574402e-02 
203 1625 0 0 0 3.648494e+01 2.176710e+02 9.063207e-01 1.564742e-02 
204 1633 0 0 0 3.648447e+01 2.176712e+02 9.063965e-01 1.568160e-02 
205 1641 0 0 0 3.648454e+01 2.176699e+02 9.063836e-01 1.572955e-02 
206 1649 0 0 0 3.648542e+01 2.176688e+02 9.062456e-01 1.570631e-02 
207 1657 0 0 0 3.648528e+01 2.176691e+02 9.061573e-01 1.570000e-02 
208 1665 0 0 0 3.648558e+01 2.176703e+02 9.062917e-01 1.573114e-02 
209 1673 0 0 0 3.648532e+01 2.176698e+02 9.062836e-01 1.574219e-02 
210 1681 0 0 0 3.648553e+01 2.176690e+02 9.061894e-01 1.572571e-02 
211 1689 0 0 0 3.648558e+01 2.176690e+02 9.061970e-01 1.572072e-02 
212 1697 0 0 0 3.648550e+01 2.176704e+02 9.062774e-01 1.574016e-02 
213 1705 0 0 0 3.648565e+01 2.176699e+02 9.062961e-01 1.573897e-02 
214 1713 0 0 0 3.648582e+01 2.176694e+02 9.062663e-01 1.572863e-02 
215 1721 0 0 0 3.648567e+01 2.176695e+02 9.062631e-01 1.571337e-02 
216 1729 0 0 0 3.648545e+01 2.176702e+02 9.062591e-01 1.572243e-02 
217 1737 0 0 0 3.648542e+01 2.176700e+02 9.062779e-01 1.572725e-02 
218 1745 0 0 0 3.648550e+01 2.176698e+02 9.062663e-01 1.572987e-02 
219 1753 0 0 0 3.648540e+01 2.176702e+02 9.062933e-01 1.573080e-02 
220 1761 0 0 0 3.648545e+01 2.176702e+02 9.062658e-01 1.572181e-02 
221 1769 0 0 0 3.648552e+01 2.176702e+02 9.062565e-01 1.572175e-02 
222 1777 0 0 0 3.648548e+01 2.176701e+02 9.062623e-01 1.571980e-02 
223 1785 0 0 0 3.648549e+01 2.176701e+02 9.062489e-01 1.571979e-02 
224 1793 0 0 0 3.648553e+01 2.176702e+02 9.062542e-01 1.571865e-02 
225 1801 0 0 0 3.648553e+01 2.176702e+02 9.062525e-01 1.572111e-02 
226 1809 0 0 0 3.648554e+01 2.176702e+02 9.062467e-01 1.571967e-02 
227 1817 0 0 0 3.648552e+01 2.176702e+02 9.062558e-01 1.571975e-02 
228 1825 0 0 0 3.648550e+01 2.176703e+02 9.062603e-01 1.571915e-02 
229 1833 0 0 0 3.648552e+01 2.176703e+02 9.062621e-01 1.572091e-02 
230 1841 0 0 0 3.648551e+01 2.176703e+02 9.062632e-01 1.571956e-02 
231 1849 0 0 0 3.648552e+01 2.176703e+02 9.062638e-01 1.572005e-02 
232 1857 0 0 0 3.648552e+01 2.176702e+02 9.062598e-01 1.572044e-02 
233 1865 0 0 0 3.648552e+01 2.176702e+02 9.062603e-01 1.572037e-02 
234 1873 0 0 0 3.648551e+01 2.176703e+02 9.062624e-01 1.572086e-02 
235 1881 0 0 0 3.648553e+01 2.176702e+02 9.062610e-01 1.572041e-02 
236 1889 0 0 0 3.648552e+01 2.176702e+02 9.062612e-01 1.572071e-02 
237 1897 0 0 0 3.648552e+01 2.176702e+02 9.062622e-01 1.572035e-02 
238 1905 0 0 0 3.648552e+01 2.176703e+02 9.062610e-01 1.572040e-02 
239 1913 0 0 0 3.648551e+01 2.176703e+02 9.062606e-01 1.572018e-02 
240 1921 0 0 0 3.648552e+01 2.176703e+02 9.062609e-01 1.572055e-02 
241 1929 0 0 0 3.648552e+01 2.176703e+02 9.062600e-01 1.572060e-02 
242 1937 0 0 0 3.648552e+01 2.176703e+02 9.062613e-01 1.572052e-02 
243 1945 0 0 0 3.648551e+01 2.176703e+02 9.062613e-01 1.572043e-02 
244 1953 0 0 0 3.648551e+01 2.176703e+02 9.062619e-01 1.572059e-02 
245 1961 0 0 0 3.648552e+01 2.176703e+02 9.062616e-01 1.572048e-02 
246 1969 0 0 0 3.648552e+01 2.176703e+02 9.062616e-01 1.572061e-02 
247 1977 0 0 0 3.648552e+01 2.176703e+02 9.062618e-01 1.572046e-02 
248 1985 0 0 0 3.648552e+01 2.176703e+02 9.062620e-01 1.572039e-02 
249 1993 0 0 0 3.648551e+01 2.176703e+02 9.062626e-01 1.572047e-02 
250 2001 0 0 0 3.648551e+01 2.176703e+02 9.062628e-01 1.572046e-02 
251 2009 0 0 0 3.648551e+01 2.176703e+02 9.062626e-01 1.572049e-02 
252 2017 0 0 0 3.648551e+01 2.176703e+02 9.062623e-01 1.572049e-02 
253 2025 0 0 0 3.648552e+01 2.176703e+02 9.062621e-01 1.572049e-02 
254 2033 0 0 0 3.648552e+01 2.176703e+02 9.062619e-01 1.572053e-02 
255 2041 0 0 0 3.648552e+01 2.176703e+02 9.062620e-01 1.572050e-02 
256 2049 0 0 0 3.648551e+01 2.176703e+02 9.062621e-01 1.572048e-02 
257 2057 0 0 0 3.648552e+01 2.176703e+02 9.062621e-01 1.572049e-02 
258 2065 0 0 0 3.648552e+01 2.176703e+02 9.062623e-01 1.572048e-02 
259 2073 0 0 0 3.648552e+01 2.176703e+02 9.062623e-01 1.572048e-02 
260 2081 0 0 0 3.648552e+01 2.176703e+02 9.062622e-01 1.572049e-02 
261 2089 0 0 0 3.648552e+01 2.176703e+02 9.062621e-01 1.572049e-02 
262 2097 0 0 0 3.648552e+01 2.176703e+02 9.062622e-01 1.572048e-02 
263 2105 0 0 0 3.648551e+01 2.176703e+02 9.062621e-01 1.572049e-02 
264 2113 0 0 0 3.648552e+01 2.176703e+02 9.062620e-01 1.572049e-02 
265 2121 0 0 0 3.648551e+01 2.176703e+02 9.062621e-01 1.572048e-02 
266 2129 0 0 0 3.648552e+01 2.176703e+02 9.062620e-01 1.572049e-02 
267 2137 0 0 0 3.648551e+01 2.176703e+02 9.062621e-01 1.572048e-02 
268 2145 0 0 0 3.648552e+01 2.176703e+02 9.062621e-01 1.572049e-02 
269 2153 0 0 0 3.648552e+01 2.176703e+02 9.062621e-01 1.572049e-02 
270 2161 0 0 0 3.648552e+01 2.176703e+02 9.062620e-01 1.572049e-02 
271 2169 0 0 0 3.648552e+01 2.176703e+02 9.062620e-01 1.572049e-02 
272 2177 0 0 0 3.648552e+01 2.176703e+02 9.062620e-01 1.572049e-02 
273 2185 0 0 0 3.648552e+01 2.176703e+02 9.062620e-01 1.572049e-02 
274 2193 0 0 0 3.648552e+01 2.176703e+02 9.062619e-01 1.572048e-02 
275 2201 0 0 0 3.648552e+01 2.176703e+02 9.062619e-01 1.572048e-02 
276 2209 0 0 0 3.648552e+01 2.176703e+02 9.062620e-01 1.572048e-02 
277 2217 0 0 0 3.648552e+01 2.176703e+02 9.062620e-01 1.572048e-02 
278 2225 0 0 0 3.648552e+01 2.176703e+02 9.062620e-01 1.572048e-02 
279 2233 0 0 0 3.648552e+01 2.176703e+02 9.062620e-01 1.572048e-02 
1 2251 0 0 0 4.737124e+01 2.276646e+02 8.646733e-01 1.037355e+00 
2 2267 0 0 0 5.163870e+01 2.180768e+02 7.667430e-01 8.199992e-01 
3 2283 0 0 0 4.426348e+01 2.340373e+02 8.425594e-01 8.544221e-01 
4 2299 0 0 0 4.026769e+01 2.227206e+02 9.376964e-01 8.502315e-01 
5 2315 0 0 0 4.122518e+01 2.213064e+02 8.938181e-01 8.028428e-01 
6 2331 0 0 0 4.695831e+01 1.995983e+02 8.584526e-01 6.408954e-01 
7 2347 0 0 0 4.087471e+01 2.057430e+02 8.230797e-01 7.766697e-01 
8 2363 0 0 0 3.540256e+01 2.263366e+02 7.113655e-01 6.949328e-01 
9 2379 0 0 0 3.598050e+01 2.276381e+02 6.762663e-01 6.476890e-01 
10 2395 0 0 0 4.103586e+01 2.111673e+02 7.068359e-01 4.890180e-01 
11 2411 0 0 0 3.830016e+01 2.078055e+02 7.254832e-01 4.843499e-01 
12 2427 0 0 0 3.667829e+01 2.121967e+02 7.401157e-01 4.465923e-01 
13 2443 0 0 0 3.599304e+01 2.110861e+02 7.494375e-01 4.906682e-01 
14 2459 0 0 0 3.655821e+01 2.147287e+02 6.351378e-01 4.417476e-01 
15 2475 0 0 0 3.643875e+01 2.133523e+02 5.852924e-01 3.534206e-01 
16 2491 0 0 0 3.714325e+01 2.117170e+02 5.216244e-01 3.853054e-01 
17 2507 0 0 0 3.692305e+01 2.131043e+02 4.968477e-01 3.629467e-01 
18 2523 0 0 0 3.683287e+01 2.121431e+02 5.473468e-01 3.748345e-01 
19 2539 0 0 0 3.673023e+01 2.114745e+02 5.793058e-01 3.332014e-01 
20 2555 0 0 0 3.640171e+01 2.137230e+02 6.402238e-01 3.843963e-01 
21 2571 0 0 0 3.646685e+01 2.144716e+02 6.590970e-01 3.370013e-01 
22 2587 0 0 0 3.749245e+01 2.132720e+02 6.123603e-01 2.717303e-01 
23 2603 0 0 0 3.725985e+01 2.122213e+02 5.340560e-01 2.114194e-01 
24 2619 0 0 0 3.653137e+01 2.161327e+02 5.502153e-01 2.043099e-01 
25 2635 0 0 0 3.652757e+01 2.197477e+02 4.113657e-01 7.080918e-02 
26 2651 0 0 0 3.624750e+01 2.153953e+02 5.207528e-01 1.807454e-01 
27 2667 0 0 0 3.663607e+01 2.130600e+02 5.128218e-01 1.837598e-01 
28 2683 0 0 0 3.686192e+01 2.146014e+02 5.624877e-01 1.839010e-01 
29 2699 0 0 0 3.617177e+01 2.156017e+02 4.529775e-01 9.831832e-02 
30 2715 0 0 0 3.645129e+01 2.175603e+02 4.198300e-01 6.028048e-02 
31 2731 0 0 0 3.608832e+01 2.155583e+02 3.570116e-01 4.295672e-02 
32 2747 0 0 0 3.632145e+01 2.178927e+02 3.897141e-01 7.532508e-02 
33 2763 0 0 0 3.630668e+01 2.186361e+02 3.274102e-01 2.294006e-02 
34 2779 0 0 0 3.675013e+01 2.189414e+02 4.008042e-01 2.682231e-02 
35 2795 0 0 0 3.642177e+01 2.176393e+02 4.027462e-01 3.577672e-02 
36 2811 0 0 0 3.660675e+01 2.180328e+02 3.439846e-01 1.113416e-02 
37 2827 0 0 0 3.693917e+01 2.164313e+02 3.583391e-01 2.070295e-02 
38 2843 0 0 0 3.648267e+01 2.171395e+02 3.778777e-01 2.687694e-02 
39 2859 0 0 0 3.655767e+01 2.169787e+02 3.603864e-01 1.234715e-02 
40 2875 0 0 0 3.676417e+01 2.171746e+02 3.900719e-01 1.277702e-02 
41 2891 0 0 0 3.646475e+01 2.177783e+02 3.947300e-01 7.894124e-03 
42 2907 0 0 0 3.623105e+01 2.188667e+02 3.902903e-01 9.722934e-03 
43 2923 0 0 0 3.654572e+01 2.177877e+02 3.763171e-01 1.025899e-02 
44 2939 0 0 0 3.640084e+01 2.178038e+02 3.832495e-01 1.086583e-02 
45 2955 0 0 0 3.627155e+01 2.176842e+02 3.797103e-01 5.688089e-03 
46 2971 0 0 0 3.646717e+01 2.177714e+02 3.923815e-01 1.058290e-02 
47 2987 0 0 0 3.646903e+01 2.177708e+02 3.987011e-01 6.604276e-03 
48 3003 0 0 0 3.647405e+01 2.176018e+02 3.843340e-01 6.872809e-03 
49 3019 0 0 0 3.650955e+01 2.176266e+02 3.809364e-01 6.153750e-03 
50 3035 0 0 0 3.642680e+01 2.178538e+02 3.735804e-01 5.459832e-03 
51 3051 0 0 0 3.648933e+01 2.178395e+02 3.741208e-01 5.589539e-03 
52 3067 0 0 0 3.648789e+01 2.177015e+02 3.810171e-01 6.521953e-03 
53 3083 0 0 0 3.648120e+01 2.176737e+02 3.874538e-01 5.877547e-03 
54 3099 0 0 0 3.648490e+01 2.176591e+02 3.930875e-01 6.712787e-03 
55 3115 0 0 0 3.648710e+01 2.176918e+02 3.903733e-01 5.976456e-03 
56 3131 0 0 0 3.650268e+01 2.176758e+02 3.866093e-01 6.575967e-03 
57 3147 0 0 0 3.647759e+01 2.177098e+02 3.887731e-01 6.621465e-03 
58 3163 0 0 0 3.648392e+01 2.177050e+02 3.842347e-01 6.612833e-03 
59 3179 0 0 0 3.650465e+01 2.177050e+02 3.828160e-01 6.795086e-03 
60 3195 0 0 0 3.648879e+01 2.177161e+02 3.771436e-01 6.496669e-03 
61 3211 0 0 0 3.648558e+01 2.176744e+02 3.755195e-01 6.578426e-03 
62 3227 0 0 0 3.649236e+01 2.176596e+02 3.721875e-01 6.404643e-03 
63 3243 0 0 0 3.649315e+01 2.176274e+02 3.663031e-01 6.238869e-03 
64 3259 0 0 0 3.648826e+01 2.176666e+02 3.704370e-01 6.548264e-03 
65 3275 0 0 0 3.648590e+01 2.176567e+02 3.736074e-01 6.571584e-03 
66 3291 0 0 0 3.648251e+01 2.176568e+02 3.715988e-01 6.461098e-03 
67 3307 0 0 0 3.648734e+01 2.176584e+02 3.740728e-01 6.497480e-03 
68 3323 0 0 0 3.648528e+01 2.176649e+02 3.733493e-01 6.367000e-03 
69 3339 0 0 0 3.648702e+01 2.176697e+02 3.735620e-01 6.419284e-03 
70 3355 0 0 0 3.648504e+01 2.176736e+02 3.752235e-01 6.530784e-03 
71 3371 0 0 0 3.648596e+01 2.176685e+02 3.751287e-01 6.532538e-03 
72 3387 0 0 0 3.648412e+01 2.176690e+02 3.750457e-01 6.518306e-03 
73 3403 0 0 0 3.648534e+01 2.176706e+02 3.758526e-01 6.519776e-03 
74 3419 0 0 0 3.648612e+01 2.176686e+02 3.755243e-01 6.517918e-03 
75 3435 0 0 0 3.648615e+01 2.176682e+02 3.751708e-01 6.497359e-03 
76 3451 0 0 0 3.648586e+01 2.176699e+02 3.754910e-01 6.513032e-03 
77 3467 0 0 0 3.648586e+01 2.176706e+02 3.756920e-01 6.515942e-03 
78 3483 0 0 0 3.648551e+01 2.176705e+02 3.755145e-01 6.505211e-03 
79 3499 0 0 0 3.648544e+01 2.176702e+02 3.754687e-01 6.514385e-03 
80 3515 0 0 0 3.648544e+01 2.176707e+02 3.758803e-01 6.517585e-03 
81 3531 0 0 0 3.648526e+01 2.176706e+02 3.755544e-01 6.519275e-03 
82 3547 0 0 0 3.648538e+01 2.176703e+02 3.756450e-01 6.517053e-03 
83 3563 0 0 0 3.648544e+01 2.176704e+02 3.758188e-01 6.520855e-03 
84 3579 0 0 0 3.648543e+01 2.176704e+02 3.758071e-01 6.521164e-03 
85 3595 0 0 0 3.648546e+01 2.176703e+02 3.759429e-01 6.520700e-03 
86 3611 0 0 0 3.648549e+01 2.176701e+02 3.760626e-01 6.522076e-03 
87 3627 0 0 0 3.648550e+01 2.176701e+02 3.760127e-01 6.522465e-03 
88 3643 0 0 0 3.648553e+01 2.176702e+02 3.760620e-01 6.523723e-03 
89 3659 0 0 0 3.648551e+01 2.176702e+02 3.760077e-01 6.522045e-03 
90 3675 0 0 0 3.648550e+01 2.176702e+02 3.760128e-01 6.522293e-03 
91 3691 0 0 0 3.648550e+01 2.176703e+02 3.760635e-01 6.523709e-03 
92 3707 0 0 0 3.648552e+01 2.176703e+02 3.760594e-01 6.522884e-03 
93 3723 0 0 0 3.648552e+01 2.176703e+02 3.760599e-01 6.523284e-03 
94 3739 0 0 0 3.648551e+01 2.176703e+02 3.760266e-01 6.522892e-03 
95 3755 0 0 0 3.648552e+01 2.176703e+02 3.760389e-01 6.523047e-03 
96 3771 0 0 0 3.648552e+01 2.176702e+02 3.760293e-01 6.522689e-03 
97 3787 0 0 0 3.648552e+01 2.176703e+02 3.760361e-01 6.522996e-03 
98 3803 0 0 0 3.648552e+01 2.176703e+02 3.760301e-01 6.522863e-03 
99 3819 0 0 0 3.648551e+01 2.176703e+02 3.760233e-01 6.522680e-03 
100 3835 0 0 0 3.648551e+01 2.176703e+02 3.760205e-01 6.522702e-03 
101 3851 0 0 0 3.648552e+01 2.176703e+02 3.760168e-01 6.522578e-03 
102 3867 0 0 0 3.648551e+01 2.176703e+02 3.760086e-01 6.522465e-03 
103 3883 0 0 0 3.648551e+01 2.176703e+02 3.760050e-01 6.522334e-03 
104 3899 0 0 0 3.648551e+01 2.176703e+02 3.760081e-01 6.522440e-03 
105 3915 0 0 0 3.648551e+01 2.176703e+02 3.760082e-01 6.522410e-03 
106 3931 0 0 0 3.648552e+01 2.176703e+02 3.760083e-01 6.522413e-03 
107 3947 0 0 0 3.648551e+01 2.176703e+02 3.760065e-01 6.522396e-03 
108 3963 0 0 0 3.648551e+01 2.176703e+02 3.760099e-01 6.522454e-03 
109 3979 0 0 0 3.648551e+01 2.176703e+02 3.760102e-01 6.522455e-03 
110 3995 0 0 0 3.648551e+01 2.176703e+02 3.760128e-01 6.522503e-03 
111 4011 0 0 0 3.648551e+01 2.176703e+02 3.760117e-01 6.522486e-03 
112 4027 0 0 0 3.648552e+01 2.176703e+02 3.760119e-01 6.522490e-03 
113 4043 0 0 0 3.648551e+01 2.176703e+02 3.760115e-01 6.522485e-03 
114 4059 0 0 0 3.648551e+01 2.176703e+02 3.760118e-01 6.522494e-03 
115 4075 0 0 0 3.648551e+01 2.176703e+02 3.760108e-01 6.522474e-03 
116 4091 0 0 0 3.648552e+01 2.176703e+02 3.760111e-01 6.522479e-03 
117 4107 0 0 0 3.648552e+01 2.176703e+02 3.760120e-01 6.522495e-03 
118 4123 0 0 0 3.648552e+01 2.176703e+02 3.760136e-01 6.522522e-03 
119 4139 0 0 0 3.648552e+01 2.176703e+02 3.760128e-01 6.522511e-03 
120 4155 0 0 0 3.648552e+01 2.176703e+02 3.760130e-01 6.522516e-03 
121 4171 0 0 0 3.648552e+01 2.176703e+02 3.760126e-01 6.522508e-03 
122 4187 0 0 0 3.648552e+01 2.176703e+02 3.760119e-01 6.522495e-03 
123 4203 0 0 0 3.648552e+01 2.176703e+02 3.760127e-01 6.522506e-03 
124 4219 0 0 0 3.648551e+01 2.176703e+02 3.760125e-01 6.522500e-03 
125 4235 0 0 0 3.648552e+01 2.176703e+02 3.760128e-01 6.522506e-03 
126 4251 0 0 0 3.648552e+01 2.176703e+02 3.760128e-01 6.522507e-03 
127 4267 0 0 0 3.648552e+01 2.176703e+02 3.760130e-01 6.522511e-03 
128 4283 0 0 0 3.648552e+01 2.176703e+02 3.760131e-01 6.522513e-03 
129 4299 0 0 0 3.648552e+01 2.176703e+02 3.760135e-01 6.522519e-03 
130 4315 0 0 0 3.648551e+01 2.176703e+02 3.760131e-01 6.522514e-03 
131 4331 0 0 0 3.648552e+01 2.176703e+02 3.760133e-01 6.522517e-03 
1 4365 0 0 0 5.113863e+01 2.439444e+02 9.171926e-01 9.805848e-01 
2 4397 0 0 0 4.810047e+01 2.651890e+02 6.904566e-01 8.757585e-01 
3 4429 0 0 0 3.974814e+01 3.210350e+02 6.617844e-01 7.328430e-01 
4 4461 0 0 0 3.679667e+01 3.701256e+02 8.343655e-01 8.866587e-01 
5 4493 0 0 0 3.638293e+01 5.154237e+02 1.043089e+00 6.849683e-01 
6 4525 0 0 0 4.275560e+01 4.056747e+02 8.270482e-01 4.276995e-01 
7 4557 0 0 0 4.065268e+01 3.142860e+02 7.602946e-01 3.401672e-01 
8 4589 0 0 0 3.928021e+01 2.663851e+02 6.933169e-01 3.810243e-01 
9 4621 0 0 0 3.925258e+01 3.021072e+02 7.979330e-01 2.924930e-01 
10 4653 0 0 0 3.823803e+01 2.645492e+02 6.204117e-01 4.086538e-01 
11 4685 0 0 0 3.978758e+01 2.496126e+02 5.455321e-01 3.313384e-01 
12 4717 0 0 0 3.793531e+01 2.680327e+02 5.695973e-01 1.524798e-01 
13 4749 0 0 0 3.547000e+01 2.428516e+02 5.550632e-01 1.839009e-01 
14 4781 0 0 0 3.581886e+01 2.617097e+02 6.499107e-01 1.718717e-01 
15 4813 0 0 0 3.508325e+01 2.456768e+02 6.032524e-01 1.004974e-01 
16 4845 0 0 0 3.422870e+01 2.240249e+02 6.009566e-01 9.562591e-02 
17 4877 0 0 0 3.595368e+01 2.184903e+02 6.371700e-01 1.062647e-01 
18 4909 0 0 0 3.692435e+01 2.156583e+02 6.198161e-01 1.672398e-01 
19 4941 0 0 0 3.622390e+01 2.168703e+02 5.707492e-01 1.297836e-01 
20 4973 0 0 0 3.653251e+01 2.165930e+02 6.206261e-01 1.781722e-01 
21 5005 0 0 0 3.746592e+01 2.152258e+02 6.030180e-01 1.748364e-01 
22 5037 0 0 0 3.702924e+01 2.110102e+02 5.927868e-01 1.823848e-01 
23 5069 0 0 0 3.626646e+01 2.149778e+02 6.470224e-01 1.906419e-01 
24 5101 0 0 0 3.643174e+01 2.171737e+02 6.239149e-01 1.166800e-01 
25 5133 0 0 0 3.667331e+01 2.165194e+02 6.316743e-01 5.800768e-02 
26 5165 0 0 0 3.639745e+01 2.191157e+02 6.828395e-01 7.707869e-02 
27 5197 0 0 0 3.675892e+01 2.176090e+02 7.189168e-01 8.117968e-02 
28 5229 0 0 0 3.638387e+01 2.171740e+02 7.129991e-01 6.839387e-02 
29 5261 0 0 0 3.651136e+01 2.170937e+02 7.227851e-01 4.439153e-02 
30 5293 0 0 0 3.634198e+01 2.168687e+02 7.234280e-01 5.033254e-02 
31 5325 0 0 0 3.639370e+01 2.172056e+02 7.017592e-01 3.234689e-02 
32 5357 0 0 0 3.651686e+01 2.170220e+02 7.157969e-01 1.629498e-02 
33 5389 0 0 0 3.652452e+01 2.176782e+02 7.208820e-01 1.489513e-02 
34 5421 0 0 0 3.656720e+01 2.174924e+02 6.998863e-01 1.215992e-02 
35 5453 0 0 0 3.651845e+01 2.177823e+02 6.833709e-01 1.150729e-02 
36 5485 0 0 0 3.650582e+01 2.176815e+02 6.952197e-01 1.122876e-02 
37 5517 0 0 0 3.648164e+01 2.176845e+02 7.062621e-01 1.293258e-02 
38 5549 0 0 0 3.649064e+01 2.177392e+02 6.870181e-01 1.123089e-02 
39 5581 0 0 0 3.646442e+01 2.177233e+02 6.676621e-01 1.160326e-02 
40 5613 0 0 0 3.649055e+01 2.176793e+02 6.415568e-01 1.142363e-02 
41 5645 0 0 0 3.651136e+01 2.177087e+02 6.498757e-01 1.166159e-02 
42 5677 0 0 0 3.648169e+01 2.177748e+02 6.596483e-01 1.139843e-02 
43 5709 0 0 0 3.647365e+01 2.177351e+02 6.651645e-01 1.172668e-02 
44 5741 0 0 0 3.648011e+01 2.177010e+02 6.631634e-01 1.143538e-02 
45 5773 0 0 0 3.648325e+01 2.176691e+02 6.517269e-01 1.109973e-02 
46 5805 0 0 0 3.648229e+01 2.176449e+02 6.542815e-01 1.115401e-02 
47 5837 0 0 0 3.649074e+01 2.176690e+02 6.465939e-01 1.115476e-02 
48 5869 0 0 0 3.648978e+01 2.176495e+02 6.455432e-01 1.112649e-02 
49 5901 0 0 0 3.648716e+01 2.176659e+02 6.469628e-01 1.116386e-02 
50 5933 0 0 0 3.648431e+01 2.176614e+02 6.515503e-01 1.135671e-02 
51 5965 0 0 0 3.648344e+01 2.176616e+02 6.493311e-01 1.131457e-02 
52 5997 0 0 0 3.648473e+01 2.176709e+02 6.519630e-01 1.138891e-02 
53 6029 0 0 0 3.648507e+01 2.176717e+02 6.456067e-01 1.126799e-02 
54 6061 0 0 0 3.648399e+01 2.176723e+02 6.507660e-01 1.134096e-02 
55 6093 0 0 0 3.648602e+01 2.176731e+02 6.507241e-01 1.128622e-02 
56 6125 0 0 0 3.648576e+01 2.176709e+02 6.540354e-01 1.134726e-02 
57 6157 0 0 0 3.648536e+01 2.176708e+02 6.505417e-01 1.131177e-02 
58 6189 0 0 0 3.648522e+01 2.176694e+02 6.513997e-01 1.131581e-02 
59 6221 0 0 0 3.648551e+01 2.176706e+02 6.513040e-01 1.130685e-02 
60 6253 0 0 0 3.648555e+01 2.176706e+02 6.512440e-01 1.130168e-02 
61 6285 0 0 0 3.648551e+01 2.176696e+02 6.528416e-01 1.132228e-02 
62 6317 0 0 0 3.648572e+01 2.176704e+02 6.493318e-01 1.125929e-02 
63 6349 0 0 0 3.648549e+01 2.176703e+02 6.508692e-01 1.128685e-02 
64 6381 0 0 0 3.648548e+01 2.176704e+02 6.509587e-01 1.129237e-02 
65 6413 0 0 0 3.648555e+01 2.176704e+02 6.502055e-01 1.127878e-02 
66 6445 0 0 0 3.648551e+01 2.176703e+02 6.508752e-01 1.128950e-02 
67 6477 0 0 0 3.648551e+01 2.176703e+02 6.527514e-01 1.132231e-02 
68 6509 0 0 0 3.648553e+01 2.176701e+02 6.533017e-01 1.133138e-02 
69 6541 0 0 0 3.648553e+01 2.176702e+02 6.531827e-01 1.132981e-02 
70 6573 0 0 0 3.648552e+01 2.176702e+02 6.524142e-01 1.131706e-02 
71 6605 0 0 0 3.648552e+01 2.176703e+02 6.520660e-01 1.131107e-02 
72 6637 0 0 0 3.648552e+01 2.176703e+02 6.518497e-01 1.130724e-02 
73 6669 0 0 0 3.648552e+01 2.176703e+02 6.517183e-01 1.130502e-02 
74 6701 0 0 0 3.648552e+01 2.176703e+02 6.516864e-01 1.130449e-02 
75 6733 0 0 0 3.648552e+01 2.176703e+02 6.517375e-01 1.130531e-02 
76 6765 0 0 0 3.648552e+01 2.176703e+02 6.515020e-01 1.130137e-02 
77 6797 0 0 0 3.648551e+01 2.176703e+02 6.514127e-01 1.129975e-02 
78 6829 0 0 0 3.648551e+01 2.176703e+02 6.515617e-01 1.130231e-02 
79 6861 0 0 0 3.648551e+01 2.176703e+02 6.514642e-01 1.130063e-02 
80 6893 0 0 0 3.648551e+01 2.176703e+02 6.512491e-01 1.129691e-02 
81 6925 0 0 0 3.648552e+01 2.176703e+02 6.513019e-01 1.129781e-02 
82 6957 0 0 0 3.648551e+01 2.176703e+02 6.513263e-01 1.129824e-02 
83 6989 0 0 0 3.648552e+01 2.176703e+02 6.512810e-01 1.129746e-02 
84 7021 0 0 0 3.648552e+01 2.176703e+02 6.512606e-01 1.129710e-02 
85 7053 0 0 0 3.648551e+01 2.176703e+02 6.512619e-01 1.129712e-02 
86 7085 0 0 0 3.648551e+01 2.176703e+02 6.512393e-01 1.129673e-02 
87 7117 0 0 0 3.648551e+01 2.176703e+02 6.513206e-01 1.129814e-02 
88 7149 0 0 0 3.648552e+01 2.176703e+02 6.512830e-01 1.129749e-02 
89 7181 0 0 0 3.648552e+01 2.176703e+02 6.512463e-01 1.129685e-02 
90 7213 0 0 0 3.648552e+01 2.176703e+02 6.512712e-01 1.129728e-02 
91 7245 0 0 0 3.648551e+01 2.176703e+02 6.513276e-01 1.129826e-02 
92 7277 0 0 0 3.648551e+01 2.176703e+02 6.513528e-01 1.129870e-02 
93 7309 0 0 0 3.648552e+01 2.176703e+02 6.513286e-01 1.129828e-02 
94 7341 0 0 0 3.648552e+01 2.176703e+02 6.513164e-01 1.129806e-02 
95 7373 0 0 0 3.648552e+01 2.176703e+02 6.512912e-01 1.129763e-02 
96 7405 0 0 0 3.648552e+01 2.176703e+02 6.513549e-01 1.129873e-02 
1 7471 0 0 0 4.509832e+01 2.075941e+02 1.034626e+00 8.827651e-01 
2 7535 0 0 0 4.447805e+01 2.090198e+02 9.174099e-01 8.503163e-01 
3 7599 0 0 0 4.198090e+01 2.159944e+02 8.306671e-01 7.214105e-01 
4 7663 0 0 0 4.232131e+01 2.032594e+02 6.964830e-01 5.779397e-01 
5 7727 0 0 0 4.125655e+01 2.152903e+02 6.230540e-01 4.541901e-01 
6 7791 0 0 0 3.876251e+01 2.129051e+02 5.015341e-01 3.562278e-01 
7 7855 0 0 0 3.777402e+01 2.140395e+02 5.126524e-01 4.394550e-01 
8 7919 0 0 0 3.746720e+01 2.136762e+02 6.256137e-01 4.233988e-01 
9 7983 0 0 0 3.656090e+01 2.157270e+02 5.536664e-01 3.297668e-01 
10 8047 0 0 0 3.685055e+01 2.148833e+02 4.804906e-01 2.629733e-01 
11 8111 0 0 0 3.676241e+01 2.161304e+02 4.239107e-01 1.340499e-01 
12 8175 0 0 0 3.666432e+01 2.160190e+02 5.204626e-01 1.540644e-01 
13 8239 0 0 0 3.647775e+01 2.151114e+02 5.153400e-01 1.330544e-01 
14 8303 0 0 0 3.637071e+01 2.157188e+02 5.036384e-01 6.669535e-02 
15 8367 0 0 0 3.644473e+01 2.157651e+02 5.953468e-01 5.559274e-02 
16 8431 0 0 0 3.649173e+01 2.158268e+02 5.774371e-01 7.346908e-02 
17 8495 0 0 0 3.659018e+01 2.165800e+02 5.754423e-01 4.625692e-02 
18 8559 0 0 0 3.646909e+01 2.177568e+02 6.452735e-01 3.369244e-02 
19 8623 0 0 0 3.650974e+01 2.173867e+02 7.145108e-01 3.496927e-02 
20 8687 0 0 0 3.636856e+01 2.176073e+02 7.051464e-01 2.018888e-02 
21 8751 0 0 0 3.651113e+01 2.176621e+02 7.625837e-01 2.251663e-02 
22 8815 0 0 0 3.647513e+01 2.176316e+02 7.067710e-01 1.708621e-02 
23 8879 0 0 0 3.648238e+01 2.177591e+02 7.251666e-01 1.537864e-02 
24 8943 0 0 0 3.648915e+01 2.176966e+02 7.648815e-01 1.228181e-02 
25 9007 0 0 0 3.648687e+01 2.176473e+02 7.311025e-01 1.146723e-02 
26 9071 0 0 0 3.647402e+01 2.176685e+02 7.262264e-01 1.285349e-02 
27 9135 0 0 0 3.647957e+01 2.176834e+02 7.515648e-01 1.319321e-02 
28 9199 0 0 0 3.647891e+01 2.176741e+02 7.433420e-01 1.273299e-02 
29 9263 0 0 0 3.648676e+01 2.176774e+02 7.732270e-01 1.333381e-02 
30 9327 0 0 0 3.648462e+01 2.176693e+02 7.664326e-01 1.318719e-02 
31 9391 0 0 0 3.648575e+01 2.176690e+02 7.781756e-01 1.351680e-02 
32 9455 0 0 0 3.648712e+01 2.176760e+02 7.877140e-01 1.365769e-02 
33 9519 0 0 0 3.648469e+01 2.176718e+02 7.848194e-01 1.362243e-02 
34 9583 0 0 0 3.648523e+01 2.176713e+02 7.884052e-01 1.366134e-02 
35 9647 0 0 0 3.648562e+01 2.176704e+02 7.923953e-01 1.373412e-02 
36 9711 0 0 0 3.648555e+01 2.176706e+02 7.872641e-01 1.364547e-02 
37 9775 0 0 0 3.648544e+01 2.176700e+02 7.915055e-01 1.373444e-02 
38 9839 0 0 0 3.648551e+01 2.176704e+02 7.954089e-01 1.380268e-02 
39 9903 0 0 0 3.648547e+01 2.176703e+02 7.958182e-01 1.380506e-02 
40 9967 0 0 0 3.648551e+01 2.176701e+02 7.955765e-01 1.380233e-02 
41 10031 0 0 0 3.648552e+01 2.176702e+02 8.000270e-01 1.387831e-02 
42 10095 0 0 0 3.648552e+01 2.176703e+02 7.973503e-01 1.383098e-02 
43 10159 0 0 0 3.648552e+01 2.176703e+02 7.946243e-01 1.378439e-02 
44 10223 0 0 0 3.648551e+01 2.176703e+02 7.951419e-01 1.379309e-02 
45 10287 0 0 0 3.648551e+01 2.176703e+02 7.938796e-01 1.377112e-02 
46 10351 0 0 0 3.648551e+01 2.176703e+02 7.948162e-01 1.378754e-02 
47 10415 0 0 0 3.648551e+01 2.176703e+02 7.962992e-01 1.381311e-02 
48 10479 0 0 0 3.648552e+01 2.176703e+02 7.968054e-01 1.382180e-02 
49 10543 0 0 0 3.648552e+01 2.176703e+02 7.965433e-01 1.381728e-02 
50 10607 0 0 0 3.648551e+01 2.176703e+02 7.960830e-01 1.380927e-02 
51 10671 0 0 0 3.648552e+01 2.176703e+02 7.946413e-01 1.378426e-02 
52 10735 0 0 0 3.648551e+01 2.176703e+02 7.951669e-01 1.379339e-02 
53 10799 0 0 0 3.648551e+01 2.176703e+02 7.951087e-01 1.379237e-02 
54 10863 0 0 0 3.648551e+01 2.176703e+02 7.951825e-01 1.379364e-02 
55 10927 0 0 0 3.648552e+01 2.176703e+02 7.957190e-01 1.380294e-02 
56 10991 0 0 0 3.648551e+01 2.176703e+02 7.950861e-01 1.379197e-02 
57 11055 0 0 0 3.648552e+01 2.176703e+02 7.952924e-01 1.379555e-02 
58 11119 0 0 0 3.648552e+01 2.176703e+02 7.954763e-01 1.379874e-02 
59 11183 0 0 0 3.648552e+01 2.176703e+02 7.955310e-01 1.379969e-02 
60 11247 0 0 0 3.648552e+01 2.176703e+02 7.959021e-01 1.380612e-02 
61 11311 0 0 0 3.648552e+01 2.176703e+02 7.958386e-01 1.380502e-02 
62 11375 0 0 0 3.648552e+01 2.176703e+02 7.957805e-01 1.380402e-02 
63 11439 0 0 0 3.648552e+01 2.176703e+02 7.955313e-01 1.379969e-02 
64 11503 0 0 0 3.648552e+01 2.176703e+02 7.956966e-01 1.380256e-02 
65 11567 0 0 0 3.648552e+01 2.176703e+02 7.956709e-01 1.380211e-02 
66 11631 0 0 0 3.648552e+01 2.176703e+02 7.958074e-01 1.380448e-02 
