%  columns=["iteration, evaluation, sigma, void, void, stds==sigma*sqrt(diag(C))" (startseed=210463, 2022/07/14 11:16:34.63)
1 9 1.009107e+02 0 0 2.619700e+01 9.523022e+01 2.895090e-01 2.808918e-01 
2 17 1.093645e+02 0 0 2.714494e+01 1.074888e+02 3.327416e-01 3.014476e-01 
3 25 8.721636e+01 0 0 2.056933e+01 8.202456e+01 2.542073e-01 2.280797e-01 
4 33 9.063056e+01 0 0 2.283562e+01 8.338135e+01 2.786427e-01 2.258579e-01 
5 41 8.474818e+01 0 0 2.082485e+01 7.485357e+01 2.548351e-01 2.006981e-01 
6 49 7.400101e+01 0 0 1.777031e+01 6.293340e+01 2.239375e-01 1.664488e-01 
7 57 6.951368e+01 0 0 1.686527e+01 5.653064e+01 2.023631e-01 1.526769e-01 
8 65 6.197615e+01 0 0 1.478509e+01 5.251124e+01 1.749764e-01 1.285515e-01 
9 73 5.878312e+01 0 0 1.383722e+01 4.788027e+01 1.599241e-01 1.199209e-01 
10 81 6.809120e+01 0 0 1.586338e+01 5.297880e+01 2.011748e-01 1.444971e-01 
11 89 6.501355e+01 0 0 1.448652e+01 4.798946e+01 1.928582e-01 1.306263e-01 
12 97 6.576683e+01 0 0 1.393841e+01 4.597904e+01 2.077803e-01 1.249630e-01 
13 105 6.430496e+01 0 0 1.316044e+01 4.240745e+01 1.976716e-01 1.261343e-01 
14 113 5.954090e+01 0 0 1.184013e+01 3.835721e+01 1.820790e-01 1.113656e-01 
15 121 5.209161e+01 0 0 9.854048e+00 3.232896e+01 1.604870e-01 9.667347e-02 
16 129 4.332315e+01 0 0 7.834039e+00 2.565358e+01 1.297416e-01 7.729654e-02 
17 137 4.059564e+01 0 0 7.035015e+00 2.265173e+01 1.151941e-01 7.591133e-02 
18 145 3.416732e+01 0 0 5.653884e+00 1.843788e+01 9.316857e-02 6.189531e-02 
19 153 2.868581e+01 0 0 4.575177e+00 1.460704e+01 7.541592e-02 4.958849e-02 
20 161 2.727793e+01 0 0 4.201509e+00 1.330114e+01 7.345995e-02 4.604345e-02 
21 169 2.818252e+01 0 0 4.307633e+00 1.297947e+01 8.014889e-02 4.542254e-02 
22 177 2.344799e+01 0 0 3.400316e+00 1.027288e+01 6.337361e-02 3.563136e-02 
23 185 2.090148e+01 0 0 3.004932e+00 8.779024e+00 5.440862e-02 3.042645e-02 
24 193 1.840492e+01 0 0 2.503326e+00 7.274042e+00 4.909499e-02 2.539431e-02 
25 201 1.590985e+01 0 0 2.080896e+00 6.104766e+00 4.038356e-02 2.069674e-02 
26 209 1.451583e+01 0 0 1.819932e+00 5.376012e+00 3.726092e-02 1.829206e-02 
27 217 1.248065e+01 0 0 1.485461e+00 4.461237e+00 3.055754e-02 1.479362e-02 
28 225 1.135189e+01 0 0 1.374336e+00 3.999476e+00 2.683013e-02 1.285359e-02 
29 233 1.018859e+01 0 0 1.174440e+00 3.402177e+00 2.422560e-02 1.103975e-02 
30 241 8.879695e+00 0 0 9.766916e-01 2.812226e+00 2.049795e-02 9.153947e-03 
31 249 8.292977e+00 0 0 8.826953e-01 2.504527e+00 1.923140e-02 8.325472e-03 
32 257 8.137876e+00 0 0 8.274091e-01 2.317328e+00 1.951557e-02 7.892452e-03 
33 265 7.492353e+00 0 0 7.553292e-01 2.061318e+00 1.741929e-02 6.961508e-03 
34 273 6.910304e+00 0 0 6.584777e-01 1.812262e+00 1.615688e-02 6.121284e-03 
35 281 5.740350e+00 0 0 5.248941e-01 1.419738e+00 1.273192e-02 4.860876e-03 
36 289 5.253852e+00 0 0 4.588730e-01 1.234665e+00 1.201335e-02 4.361116e-03 
37 297 4.704466e+00 0 0 3.876988e-01 1.050992e+00 1.054040e-02 3.764175e-03 
38 305 4.111395e+00 0 0 3.250654e-01 8.699494e-01 8.996198e-03 3.133139e-03 
39 313 3.345234e+00 0 0 2.527996e-01 6.786279e-01 7.024337e-03 2.536920e-03 
40 321 3.183245e+00 0 0 2.298269e-01 6.286046e-01 6.886827e-03 2.280991e-03 
41 329 3.120553e+00 0 0 2.149010e-01 5.935046e-01 6.690079e-03 2.238832e-03 
42 337 3.127842e+00 0 0 2.044945e-01 5.933563e-01 6.372883e-03 2.227774e-03 
43 345 3.328444e+00 0 0 2.152883e-01 6.037293e-01 7.049925e-03 2.461070e-03 
44 353 3.482956e+00 0 0 2.156330e-01 5.953440e-01 7.650364e-03 2.547554e-03 
45 361 4.336041e+00 0 0 2.536550e-01 7.020624e-01 1.126614e-02 3.514148e-03 
46 369 4.486756e+00 0 0 2.540845e-01 7.153349e-01 1.174461e-02 3.503262e-03 
47 377 5.230684e+00 0 0 2.837633e-01 7.965583e-01 1.568037e-02 3.917672e-03 
48 385 5.970117e+00 0 0 3.083664e-01 9.087391e-01 1.986875e-02 4.388886e-03 
49 393 6.370285e+00 0 0 3.128994e-01 9.152187e-01 2.253238e-02 4.472330e-03 
50 401 5.852484e+00 0 0 2.790016e-01 7.973085e-01 2.017486e-02 3.933555e-03 
51 409 5.609764e+00 0 0 2.562031e-01 7.609514e-01 1.907020e-02 3.951571e-03 
52 417 7.099198e+00 0 0 3.061874e-01 9.602875e-01 3.049468e-02 6.023878e-03 
53 425 7.547905e+00 0 0 3.129537e-01 9.792306e-01 3.400848e-02 6.555291e-03 
54 433 1.050060e+01 0 0 4.228519e-01 1.345787e+00 4.995429e-02 9.056882e-03 
55 441 1.440172e+01 0 0 5.648674e-01 1.790895e+00 6.808681e-02 1.205180e-02 
56 449 1.651549e+01 0 0 6.585340e-01 1.935450e+00 7.604392e-02 1.391563e-02 
57 457 1.998428e+01 0 0 7.587760e-01 2.225699e+00 1.001104e-01 1.652578e-02 
58 465 2.143734e+01 0 0 7.892328e-01 2.251407e+00 1.106213e-01 1.762409e-02 
59 473 2.100838e+01 0 0 7.481697e-01 2.093922e+00 1.083704e-01 1.734996e-02 
60 481 2.090978e+01 0 0 7.034958e-01 1.988921e+00 1.119371e-01 1.743629e-02 
61 489 2.230434e+01 0 0 7.127094e-01 2.072071e+00 1.294488e-01 1.887959e-02 
62 497 2.227356e+01 0 0 6.736075e-01 2.030677e+00 1.279646e-01 1.815059e-02 
63 505 1.923930e+01 0 0 5.610367e-01 1.688890e+00 1.057424e-01 1.494778e-02 
64 513 1.758653e+01 0 0 4.944646e-01 1.464416e+00 9.627765e-02 1.336344e-02 
65 521 1.422455e+01 0 0 3.800323e-01 1.123805e+00 7.363352e-02 1.023022e-02 
66 529 1.229552e+01 0 0 3.230771e-01 9.459633e-01 6.029569e-02 8.436300e-03 
67 537 1.317294e+01 0 0 3.283845e-01 9.920748e-01 6.735548e-02 8.771344e-03 
68 545 1.221267e+01 0 0 2.903888e-01 8.827683e-01 6.055207e-02 7.930350e-03 
69 553 1.070371e+01 0 0 2.453412e-01 7.455677e-01 5.123194e-02 6.837986e-03 
70 561 9.879775e+00 0 0 2.162806e-01 6.777692e-01 4.506677e-02 6.036827e-03 
71 569 9.281079e+00 0 0 1.915531e-01 6.055638e-01 4.278788e-02 5.490606e-03 
72 577 8.296595e+00 0 0 1.657660e-01 5.487793e-01 3.647125e-02 4.631399e-03 
73 585 7.561627e+00 0 0 1.424093e-01 4.983888e-01 3.131376e-02 3.999328e-03 
74 593 6.629822e+00 0 0 1.184886e-01 4.149996e-01 2.637195e-02 3.542220e-03 
75 601 5.455386e+00 0 0 9.340963e-02 3.256924e-01 2.052963e-02 2.785022e-03 
76 609 5.648958e+00 0 0 1.080917e-01 3.212713e-01 2.003866e-02 2.738028e-03 
77 617 5.024866e+00 0 0 9.150699e-02 2.777021e-01 1.704637e-02 2.367858e-03 
78 625 4.366830e+00 0 0 7.622483e-02 2.336649e-01 1.434991e-02 2.009770e-03 
79 633 4.914183e+00 0 0 9.921799e-02 2.515810e-01 1.521694e-02 2.161165e-03 
80 641 4.433070e+00 0 0 9.086184e-02 2.153648e-01 1.303468e-02 1.898152e-03 
81 649 3.904553e+00 0 0 7.758382e-02 1.806645e-01 1.082352e-02 1.594124e-03 
82 657 3.339376e+00 0 0 6.507789e-02 1.479173e-01 8.883224e-03 1.304916e-03 
83 665 3.229358e+00 0 0 5.992592e-02 1.354711e-01 9.065710e-03 1.246826e-03 
84 673 3.886378e+00 0 0 6.869424e-02 1.641259e-01 1.049964e-02 1.507187e-03 
85 681 3.876123e+00 0 0 6.570998e-02 1.653523e-01 9.890604e-03 1.444073e-03 
86 689 4.288511e+00 0 0 7.082926e-02 1.758051e-01 1.041754e-02 1.588314e-03 
87 697 4.105026e+00 0 0 6.433657e-02 1.673321e-01 9.474057e-03 1.453266e-03 
88 705 3.603240e+00 0 0 5.660660e-02 1.393139e-01 7.933742e-03 1.229914e-03 
89 713 3.267103e+00 0 0 5.036783e-02 1.214260e-01 6.922833e-03 1.093723e-03 
90 721 3.353978e+00 0 0 5.139021e-02 1.192484e-01 6.697997e-03 1.126268e-03 
91 729 3.394268e+00 0 0 4.957297e-02 1.143416e-01 6.549615e-03 1.115366e-03 
92 737 3.118651e+00 0 0 4.586468e-02 1.036790e-01 5.755784e-03 9.763862e-04 
93 745 2.618812e+00 0 0 3.693861e-02 8.289569e-02 4.605662e-03 7.811149e-04 
94 753 2.841261e+00 0 0 4.639493e-02 8.646581e-02 4.704915e-03 8.213739e-04 
95 761 3.025904e+00 0 0 4.822873e-02 8.906455e-02 4.715974e-03 9.347899e-04 
96 769 2.830700e+00 0 0 4.271039e-02 8.203056e-02 4.158397e-03 8.439319e-04 
97 777 2.396088e+00 0 0 3.483364e-02 6.591438e-02 3.431840e-03 6.983350e-04 
98 785 1.906331e+00 0 0 2.663341e-02 5.045741e-02 2.591692e-03 5.556718e-04 
99 793 1.598887e+00 0 0 2.239821e-02 4.200407e-02 2.054652e-03 4.479487e-04 
100 801 1.542766e+00 0 0 2.156565e-02 3.828022e-02 1.891150e-03 4.154616e-04 
101 809 1.526914e+00 0 0 2.232154e-02 3.724879e-02 1.805934e-03 4.023251e-04 
102 817 1.311659e+00 0 0 1.831896e-02 3.097744e-02 1.485711e-03 3.461664e-04 
103 825 1.086697e+00 0 0 1.444311e-02 2.429656e-02 1.192564e-03 2.785364e-04 
104 833 1.076845e+00 0 0 1.383280e-02 2.586267e-02 1.151924e-03 2.729913e-04 
105 841 1.537106e+00 0 0 2.249054e-02 4.142803e-02 1.630714e-03 3.847169e-04 
106 849 1.865082e+00 0 0 2.685469e-02 5.092504e-02 1.863151e-03 4.463663e-04 
107 857 2.081184e+00 0 0 3.045719e-02 5.607777e-02 1.972288e-03 4.910075e-04 
108 865 1.991751e+00 0 0 2.769886e-02 5.095893e-02 1.780523e-03 4.682071e-04 
109 873 1.995309e+00 0 0 2.659507e-02 5.188214e-02 1.701651e-03 4.497908e-04 
110 881 1.658361e+00 0 0 2.128182e-02 4.147739e-02 1.349655e-03 3.575839e-04 
111 889 1.650861e+00 0 0 2.002911e-02 3.954907e-02 1.358532e-03 3.762711e-04 
112 897 1.734337e+00 0 0 2.332860e-02 4.123628e-02 1.358948e-03 3.947363e-04 
113 905 1.744605e+00 0 0 2.270574e-02 4.001527e-02 1.341886e-03 4.016956e-04 
114 913 1.728459e+00 0 0 2.131989e-02 3.752920e-02 1.267157e-03 3.981909e-04 
115 921 2.043236e+00 0 0 2.512960e-02 4.416746e-02 1.427268e-03 5.597290e-04 
116 929 2.191824e+00 0 0 2.585788e-02 4.529288e-02 1.470711e-03 6.140621e-04 
117 937 2.276023e+00 0 0 2.558185e-02 4.520282e-02 1.438418e-03 6.636215e-04 
118 945 2.778196e+00 0 0 2.986645e-02 5.297025e-02 1.659233e-03 9.563583e-04 
119 953 2.920362e+00 0 0 2.980761e-02 5.332497e-02 1.652975e-03 1.043892e-03 
120 961 3.462208e+00 0 0 3.512272e-02 6.135829e-02 1.852587e-03 1.397451e-03 
121 969 4.381037e+00 0 0 4.498691e-02 8.256431e-02 2.240730e-03 1.931563e-03 
122 977 4.914208e+00 0 0 4.813853e-02 8.927126e-02 2.417960e-03 2.287030e-03 
123 985 6.906434e+00 0 0 6.754746e-02 1.258497e-01 3.318919e-03 3.468102e-03 
124 993 8.886570e+00 0 0 8.378063e-02 1.666060e-01 4.442346e-03 4.537646e-03 
125 1001 1.297750e+01 0 0 1.217810e-01 2.470552e-01 6.493681e-03 7.037486e-03 
126 1009 1.631511e+01 0 0 1.460127e-01 3.183166e-01 8.067780e-03 8.605654e-03 
127 1017 2.073788e+01 0 0 1.780663e-01 4.023899e-01 9.896584e-03 1.134327e-02 
128 1025 2.217990e+01 0 0 1.889910e-01 4.203359e-01 1.005467e-02 1.228231e-02 
129 1033 2.757272e+01 0 0 2.269966e-01 5.099456e-01 1.191204e-02 1.750277e-02 
130 1041 3.636288e+01 0 0 2.972607e-01 6.559225e-01 1.521889e-02 2.438373e-02 
131 1049 5.340290e+01 0 0 4.285052e-01 9.574300e-01 2.170677e-02 3.748105e-02 
132 1057 6.496766e+01 0 0 4.960268e-01 1.098845e+00 2.779772e-02 4.481878e-02 
133 1065 8.070582e+01 0 0 5.811626e-01 1.311922e+00 3.419531e-02 6.255531e-02 
134 1073 1.201279e+02 0 0 8.381507e-01 1.911519e+00 5.138460e-02 1.010799e-01 
135 1081 2.026005e+02 0 0 1.370395e+00 3.144000e+00 8.433675e-02 1.814403e-01 
136 1089 2.523830e+02 0 0 1.632323e+00 3.709623e+00 1.047457e-01 2.230485e-01 
137 1097 2.845854e+02 0 0 1.739479e+00 4.189320e+00 1.158361e-01 2.473978e-01 
138 1105 2.605709e+02 0 0 1.527856e+00 3.661974e+00 1.047439e-01 2.245600e-01 
139 1113 2.606230e+02 0 0 1.462168e+00 3.484985e+00 1.083859e-01 2.126249e-01 
140 1121 2.492342e+02 0 0 1.344498e+00 3.162120e+00 1.015814e-01 2.041359e-01 
141 1129 2.266539e+02 0 0 1.170643e+00 2.739524e+00 8.811783e-02 1.787896e-01 
142 1137 1.979485e+02 0 0 9.771636e-01 2.344591e+00 7.588853e-02 1.480780e-01 
143 1145 1.796254e+02 0 0 8.537964e-01 2.138825e+00 6.678698e-02 1.305488e-01 
144 1153 1.370222e+02 0 0 6.155110e-01 1.559662e+00 4.875646e-02 9.432062e-02 
145 1161 1.391463e+02 0 0 6.440537e-01 1.606786e+00 5.028081e-02 9.063956e-02 
146 1169 1.470181e+02 0 0 7.085806e-01 1.719932e+00 5.410516e-02 9.087857e-02 
147 1177 1.278189e+02 0 0 6.009292e-01 1.428195e+00 5.009035e-02 7.672682e-02 
148 1185 1.237739e+02 0 0 5.603390e-01 1.458963e+00 4.587722e-02 7.360436e-02 
149 1193 1.265402e+02 0 0 5.893209e-01 1.437406e+00 4.549796e-02 7.116051e-02 
150 1201 1.190757e+02 0 0 5.317487e-01 1.307102e+00 4.142460e-02 6.342312e-02 
151 1209 1.099805e+02 0 0 4.626664e-01 1.162446e+00 3.603829e-02 5.698426e-02 
152 1217 9.046098e+01 0 0 3.594074e-01 9.014582e-01 2.944110e-02 4.444241e-02 
153 1225 8.506729e+01 0 0 3.457946e-01 8.584792e-01 2.854468e-02 4.042041e-02 
154 1233 7.755729e+01 0 0 2.988012e-01 7.707355e-01 2.506763e-02 3.586768e-02 
155 1241 6.464146e+01 0 0 2.365288e-01 6.210399e-01 2.002221e-02 2.816467e-02 
156 1249 6.469789e+01 0 0 2.296091e-01 5.935886e-01 1.963573e-02 2.707937e-02 
157 1257 6.402781e+01 0 0 2.192965e-01 5.744297e-01 1.847391e-02 2.564960e-02 
158 1265 7.422987e+01 0 0 2.456067e-01 7.429910e-01 2.062182e-02 2.868222e-02 
159 1273 7.878219e+01 0 0 2.501283e-01 7.975832e-01 2.084203e-02 2.936917e-02 
160 1281 8.168587e+01 0 0 2.535694e-01 7.956633e-01 2.344318e-02 2.871351e-02 
161 1289 8.059215e+01 0 0 2.464964e-01 7.723819e-01 2.270533e-02 2.666902e-02 
162 1297 7.986125e+01 0 0 2.396524e-01 7.534287e-01 2.145888e-02 2.486047e-02 
163 1305 7.147605e+01 0 0 2.093906e-01 6.449015e-01 1.862586e-02 2.103794e-02 
164 1313 5.690873e+01 0 0 1.629093e-01 5.016352e-01 1.437071e-02 1.583288e-02 
165 1321 4.994495e+01 0 0 1.369191e-01 4.323066e-01 1.209699e-02 1.313372e-02 
166 1329 4.389696e+01 0 0 1.138852e-01 3.702940e-01 1.022662e-02 1.096694e-02 
167 1337 4.173490e+01 0 0 1.057291e-01 3.594118e-01 9.824416e-03 1.005404e-02 
168 1345 4.425288e+01 0 0 1.064631e-01 3.643428e-01 1.172897e-02 1.040477e-02 
169 1353 3.593171e+01 0 0 8.251669e-02 2.805438e-01 9.788741e-03 8.027135e-03 
170 1361 2.976341e+01 0 0 6.494379e-02 2.281968e-01 7.824774e-03 6.301578e-03 
171 1369 2.795192e+01 0 0 5.876396e-02 2.029341e-01 7.239683e-03 5.837036e-03 
172 1377 2.630096e+01 0 0 5.338964e-02 1.881621e-01 6.513678e-03 5.209752e-03 
173 1385 2.537638e+01 0 0 5.279710e-02 1.804237e-01 5.937757e-03 4.784432e-03 
174 1393 2.404261e+01 0 0 4.790018e-02 1.662212e-01 5.418365e-03 4.449440e-03 
175 1401 2.208881e+01 0 0 4.155785e-02 1.456425e-01 5.063496e-03 3.903276e-03 
176 1409 1.981346e+01 0 0 3.536973e-02 1.236735e-01 4.483192e-03 3.422730e-03 
177 1417 1.665097e+01 0 0 2.845012e-02 9.814661e-02 3.650036e-03 2.783921e-03 
178 1425 1.643560e+01 0 0 2.719269e-02 9.387169e-02 3.864382e-03 2.602754e-03 
179 1433 1.600920e+01 0 0 2.703782e-02 8.666205e-02 3.564511e-03 2.490281e-03 
180 1441 1.553149e+01 0 0 2.491673e-02 8.196708e-02 3.621729e-03 2.365532e-03 
181 1449 1.384795e+01 0 0 2.116722e-02 7.094111e-02 3.108331e-03 2.013253e-03 
182 1457 1.136725e+01 0 0 1.665389e-02 5.483462e-02 2.472801e-03 1.604110e-03 
183 1465 1.252152e+01 0 0 1.773169e-02 5.891511e-02 3.165583e-03 1.692481e-03 
184 1473 1.119686e+01 0 0 1.560736e-02 5.043550e-02 2.734747e-03 1.433824e-03 
185 1481 9.819180e+00 0 0 1.380262e-02 4.323683e-02 2.396078e-03 1.211609e-03 
186 1489 9.230356e+00 0 0 1.281142e-02 3.975948e-02 2.268734e-03 1.075490e-03 
187 1497 8.181499e+00 0 0 1.096676e-02 3.399884e-02 1.967385e-03 8.976365e-04 
188 1505 7.017307e+00 0 0 8.981237e-03 2.813013e-02 1.633320e-03 7.279277e-04 
189 1513 6.302253e+00 0 0 7.646283e-03 2.500136e-02 1.407318e-03 6.276111e-04 
190 1521 5.522630e+00 0 0 6.361986e-03 2.196028e-02 1.216058e-03 5.200609e-04 
191 1529 5.081236e+00 0 0 5.632762e-03 1.908089e-02 1.128027e-03 4.562477e-04 
192 1537 5.093643e+00 0 0 6.052954e-03 1.875598e-02 1.081225e-03 4.370035e-04 
193 1545 4.724811e+00 0 0 5.525402e-03 1.666805e-02 9.948624e-04 3.837851e-04 
194 1553 3.550572e+00 0 0 3.928341e-03 1.181967e-02 7.051835e-04 2.737458e-04 
195 1561 3.188593e+00 0 0 3.348220e-03 1.065378e-02 6.212831e-04 2.343845e-04 
196 1569 2.554252e+00 0 0 2.533669e-03 8.067004e-03 4.716076e-04 1.797167e-04 
197 1577 2.312901e+00 0 0 2.306301e-03 7.011458e-03 4.056312e-04 1.545933e-04 
198 1585 2.009042e+00 0 0 1.946331e-03 5.745145e-03 3.401992e-04 1.275110e-04 
199 1593 1.910943e+00 0 0 1.819487e-03 5.159747e-03 3.205203e-04 1.164818e-04 
200 1601 1.933183e+00 0 0 1.870199e-03 5.321104e-03 3.337287e-04 1.123877e-04 
201 1609 1.967755e+00 0 0 1.809191e-03 5.692301e-03 3.528277e-04 1.082009e-04 
202 1617 2.019335e+00 0 0 1.772728e-03 5.558192e-03 3.837559e-04 1.049046e-04 
203 1625 1.787016e+00 0 0 1.485990e-03 4.653465e-03 3.222964e-04 9.355396e-05 
204 1633 1.455795e+00 0 0 1.163959e-03 3.567889e-03 2.508873e-04 7.208454e-05 
205 1641 1.276405e+00 0 0 9.611081e-04 2.996101e-03 2.081733e-04 6.322929e-05 
206 1649 1.143872e+00 0 0 8.764744e-04 2.600892e-03 1.868193e-04 5.351830e-05 
207 1657 1.017305e+00 0 0 7.450611e-04 2.198671e-03 1.665048e-04 4.520754e-05 
208 1665 9.676172e-01 0 0 6.890130e-04 2.011955e-03 1.570511e-04 4.218949e-05 
209 1673 8.139744e-01 0 0 5.556300e-04 1.606233e-03 1.247025e-04 3.470939e-05 
210 1681 6.956196e-01 0 0 4.605313e-04 1.343653e-03 1.057199e-04 2.836094e-05 
211 1689 5.556659e-01 0 0 3.476525e-04 1.017683e-03 8.013900e-05 2.179558e-05 
212 1697 5.708541e-01 0 0 3.427589e-04 1.153351e-03 8.370999e-05 2.244290e-05 
213 1705 5.297464e-01 0 0 3.057300e-04 1.026288e-03 7.795088e-05 1.983617e-05 
214 1713 4.787568e-01 0 0 2.728053e-04 8.914511e-04 6.688777e-05 1.745011e-05 
215 1721 4.548023e-01 0 0 2.486453e-04 8.022001e-04 6.002984e-05 1.721986e-05 
216 1729 4.584107e-01 0 0 2.568971e-04 8.266080e-04 5.721713e-05 1.647123e-05 
217 1737 3.919124e-01 0 0 2.120872e-04 6.785331e-04 4.682582e-05 1.337884e-05 
218 1745 3.177067e-01 0 0 1.632781e-04 5.252925e-04 3.597090e-05 1.035240e-05 
219 1753 2.774371e-01 0 0 1.386686e-04 4.481800e-04 3.114625e-05 8.556395e-06 
220 1761 2.678812e-01 0 0 1.264039e-04 4.119510e-04 3.019604e-05 8.536089e-06 
221 1769 2.507320e-01 0 0 1.155042e-04 3.654752e-04 2.760722e-05 7.664042e-06 
222 1777 2.096541e-01 0 0 9.193122e-05 2.900500e-04 2.229031e-05 6.255618e-06 
223 1785 1.807308e-01 0 0 7.572514e-05 2.358091e-04 1.896592e-05 5.127666e-06 
224 1793 1.652728e-01 0 0 6.727979e-05 2.063496e-04 1.646950e-05 4.460510e-06 
225 1801 1.462829e-01 0 0 5.653611e-05 1.744081e-04 1.374711e-05 3.790587e-06 
226 1809 1.252930e-01 0 0 4.621854e-05 1.413712e-04 1.150651e-05 3.133977e-06 
227 1817 1.058668e-01 0 0 3.753298e-05 1.129466e-04 9.550124e-06 2.496121e-06 
228 1825 1.021097e-01 0 0 3.534696e-05 1.101832e-04 9.112422e-06 2.299878e-06 
229 1833 9.957568e-02 0 0 3.296305e-05 1.085072e-04 8.609708e-06 2.214529e-06 
230 1841 8.458437e-02 0 0 2.712469e-05 8.729692e-05 7.060568e-06 1.825790e-06 
231 1849 7.472820e-02 0 0 2.349811e-05 7.390087e-05 6.037721e-06 1.531700e-06 
232 1857 6.783659e-02 0 0 2.087477e-05 6.621339e-05 5.335123e-06 1.323950e-06 
233 1865 5.277312e-02 0 0 1.532673e-05 4.864028e-05 3.938636e-06 9.699403e-07 
234 1873 4.633305e-02 0 0 1.308767e-05 4.093805e-05 3.341620e-06 8.265393e-07 
235 1881 4.102585e-02 0 0 1.181778e-05 3.470666e-05 2.851105e-06 6.993313e-07 
236 1889 3.323962e-02 0 0 9.208626e-06 2.662747e-05 2.199938e-06 5.409669e-07 
237 1897 3.030148e-02 0 0 8.241078e-06 2.287196e-05 1.964605e-06 4.800724e-07 
238 1905 2.753284e-02 0 0 7.096881e-06 2.028836e-05 1.742940e-06 4.158804e-07 
239 1913 2.866048e-02 0 0 7.167627e-06 2.166552e-05 1.808914e-06 4.209845e-07 
240 1921 2.362593e-02 0 0 5.594592e-06 1.712266e-05 1.415575e-06 3.425949e-07 
241 1929 2.181251e-02 0 0 4.888550e-06 1.497128e-05 1.300990e-06 3.020016e-07 
242 1937 1.872046e-02 0 0 3.968701e-06 1.232293e-05 1.112621e-06 2.458945e-07 
243 1945 1.703788e-02 0 0 3.475432e-06 1.116784e-05 9.718622e-07 2.139421e-07 
244 1953 1.532983e-02 0 0 2.989641e-06 9.547549e-06 8.943704e-07 1.882321e-07 
245 1961 1.349880e-02 0 0 2.618794e-06 7.961557e-06 7.452887e-07 1.594042e-07 
246 1969 1.221397e-02 0 0 2.249351e-06 7.031251e-06 6.367362e-07 1.434051e-07 
247 1977 1.118478e-02 0 0 1.947347e-06 6.088480e-06 5.661526e-07 1.321657e-07 
248 1985 1.069036e-02 0 0 1.751860e-06 5.539706e-06 5.269751e-07 1.263375e-07 
249 1993 1.088917e-02 0 0 1.751283e-06 5.516715e-06 5.905071e-07 1.238862e-07 
250 2001 1.063092e-02 0 0 1.650239e-06 5.079756e-06 5.889659e-07 1.163479e-07 
251 2009 9.008506e-03 0 0 1.332814e-06 4.190586e-06 4.839055e-07 9.316818e-08 
252 2017 7.979671e-03 0 0 1.135270e-06 3.526958e-06 4.136535e-07 7.830642e-08 
253 2025 7.864449e-03 0 0 1.232073e-06 3.406059e-06 4.074555e-07 7.332198e-08 
254 2033 7.889263e-03 0 0 1.213197e-06 3.257813e-06 4.185905e-07 7.163965e-08 
255 2041 6.581378e-03 0 0 9.714153e-07 2.585927e-06 3.313620e-07 5.653266e-08 
256 2049 5.424482e-03 0 0 7.632725e-07 2.022637e-06 2.584999e-07 4.481716e-08 
257 2057 4.366994e-03 0 0 5.849837e-07 1.558137e-06 1.971615e-07 3.430544e-08 
258 2065 4.249711e-03 0 0 5.360129e-07 1.461902e-06 2.013769e-07 3.167548e-08 
259 2073 3.557047e-03 0 0 4.236852e-07 1.158114e-06 1.619575e-07 2.507409e-08 
260 2081 2.896851e-03 0 0 3.303835e-07 9.045177e-07 1.268004e-07 1.958747e-08 
261 2089 2.983595e-03 0 0 3.244336e-07 9.701984e-07 1.365621e-07 1.909026e-08 
262 2097 2.427739e-03 0 0 2.534996e-07 7.613591e-07 1.070234e-07 1.471673e-08 
263 2105 2.397207e-03 0 0 2.498394e-07 7.258628e-07 1.052650e-07 1.391625e-08 
264 2113 2.240172e-03 0 0 2.210933e-07 6.466487e-07 1.004411e-07 1.233788e-08 
265 2121 2.105956e-03 0 0 2.077954e-07 5.842170e-07 8.982691e-08 1.168114e-08 
266 2129 1.809490e-03 0 0 1.734414e-07 4.735660e-07 7.459593e-08 9.734482e-09 
267 2137 1.528994e-03 0 0 1.383904e-07 3.904268e-07 6.084909e-08 7.856399e-09 
268 2145 1.440779e-03 0 0 1.290834e-07 3.522570e-07 5.436385e-08 7.035707e-09 
269 2153 1.289365e-03 0 0 1.132307e-07 3.165162e-07 4.780278e-08 5.930582e-09 
270 2161 1.349436e-03 0 0 1.163667e-07 3.284155e-07 5.231495e-08 5.878768e-09 
271 2169 1.415048e-03 0 0 1.155702e-07 3.403191e-07 6.097856e-08 5.922126e-09 
272 2177 1.358490e-03 0 0 1.059675e-07 3.260309e-07 5.577263e-08 5.587322e-09 
273 2185 1.270935e-03 0 0 9.974872e-08 2.908311e-07 5.154627e-08 5.148453e-09 
274 2193 1.302858e-03 0 0 9.695954e-08 2.853820e-07 5.457943e-08 5.357037e-09 
275 2201 1.209195e-03 0 0 8.538363e-08 2.496505e-07 4.889081e-08 4.897164e-09 
276 2209 1.124307e-03 0 0 7.615192e-08 2.206591e-07 4.622953e-08 4.391940e-09 
277 2217 1.169655e-03 0 0 7.896644e-08 2.224473e-07 4.587717e-08 4.859908e-09 
278 2225 1.017962e-03 0 0 6.736968e-08 1.882571e-07 3.779715e-08 4.080362e-09 
279 2233 8.374078e-04 0 0 5.278044e-08 1.473500e-07 2.928397e-08 3.276340e-09 
1 2251 9.527738e+01 0 0 2.229512e+01 9.499467e+01 2.729374e-01 2.534379e-01 
2 2267 9.860073e+01 0 0 2.183696e+01 9.435036e+01 2.889861e-01 2.763627e-01 
3 2283 8.038492e+01 0 0 1.669067e+01 7.332185e+01 2.122238e-01 2.054996e-01 
4 2299 7.030080e+01 0 0 1.455571e+01 6.090185e+01 1.745084e-01 1.668996e-01 
5 2315 5.600378e+01 0 0 1.071142e+01 4.605198e+01 1.264043e-01 1.243321e-01 
6 2331 7.221511e+01 0 0 1.358543e+01 5.679256e+01 1.502858e-01 2.077362e-01 
7 2347 6.252755e+01 0 0 1.092049e+01 4.426455e+01 1.210913e-01 1.798876e-01 
8 2363 7.507902e+01 0 0 1.294336e+01 5.007801e+01 1.644308e-01 2.115567e-01 
9 2379 7.212500e+01 0 0 1.143913e+01 4.374176e+01 1.720817e-01 2.033210e-01 
10 2395 7.558032e+01 0 0 1.125403e+01 4.214480e+01 1.750219e-01 2.377402e-01 
11 2411 6.561099e+01 0 0 8.985325e+00 3.320085e+01 1.413451e-01 2.000417e-01 
12 2427 5.773969e+01 0 0 7.205250e+00 2.616202e+01 1.185206e-01 1.666860e-01 
13 2443 4.451072e+01 0 0 5.046380e+00 1.816782e+01 8.727507e-02 1.178876e-01 
14 2459 5.064602e+01 0 0 5.141146e+00 1.859329e+01 1.246826e-01 1.335962e-01 
15 2475 5.363340e+01 0 0 4.891660e+00 1.769606e+01 1.326311e-01 1.541239e-01 
16 2491 5.471454e+01 0 0 4.492546e+00 1.622847e+01 1.446650e-01 1.542860e-01 
17 2507 4.720210e+01 0 0 3.556338e+00 1.288644e+01 1.265957e-01 1.317001e-01 
18 2523 3.526864e+01 0 0 2.383981e+00 8.600847e+00 8.912511e-02 9.489948e-02 
19 2539 3.391145e+01 0 0 2.080171e+00 7.456748e+00 8.376301e-02 8.774586e-02 
20 2555 3.449056e+01 0 0 1.910992e+00 6.980135e+00 9.139263e-02 8.434715e-02 
21 2571 3.495778e+01 0 0 1.732509e+00 6.375909e+00 9.517214e-02 8.275022e-02 
22 2587 3.686551e+01 0 0 1.797101e+00 6.090505e+00 9.837628e-02 1.009934e-01 
23 2603 4.183788e+01 0 0 1.858197e+00 6.247085e+00 1.264307e-01 1.306563e-01 
24 2619 4.134864e+01 0 0 1.724401e+00 5.965678e+00 1.144785e-01 1.269177e-01 
25 2635 5.707980e+01 0 0 2.233553e+00 7.945631e+00 1.702540e-01 1.872094e-01 
26 2651 4.618694e+01 0 0 1.647910e+00 6.123549e+00 1.344408e-01 1.462394e-01 
27 2667 3.871565e+01 0 0 1.293204e+00 4.912079e+00 1.065768e-01 1.147477e-01 
28 2683 3.563809e+01 0 0 1.084874e+00 4.145604e+00 9.879132e-02 1.007521e-01 
29 2699 3.870164e+01 0 0 1.189981e+00 4.112271e+00 1.205526e-01 1.141642e-01 
30 2715 3.830999e+01 0 0 1.108000e+00 4.147981e+00 1.168715e-01 1.103258e-01 
31 2731 4.061062e+01 0 0 1.096592e+00 4.177032e+00 1.294363e-01 1.098792e-01 
32 2747 3.663797e+01 0 0 9.320253e-01 3.632647e+00 1.146112e-01 9.459364e-02 
33 2763 3.362187e+01 0 0 8.287667e-01 3.210176e+00 1.014146e-01 8.275754e-02 
34 2779 3.675499e+01 0 0 9.186562e-01 3.392747e+00 1.081311e-01 8.189262e-02 
35 2795 3.279418e+01 0 0 7.862860e-01 2.836184e+00 8.961936e-02 6.596514e-02 
36 2811 2.995302e+01 0 0 6.501787e-01 2.409623e+00 8.055121e-02 5.545364e-02 
37 2827 2.947610e+01 0 0 6.436928e-01 2.357002e+00 7.468960e-02 4.905321e-02 
38 2843 2.520688e+01 0 0 5.524647e-01 1.834079e+00 6.043457e-02 3.804450e-02 
39 2859 2.031169e+01 0 0 4.033702e-01 1.367624e+00 4.657211e-02 2.830530e-02 
40 2875 1.999710e+01 0 0 3.764200e-01 1.239818e+00 4.488265e-02 2.495410e-02 
41 2891 2.126857e+01 0 0 4.175599e-01 1.299827e+00 4.584367e-02 2.410736e-02 
42 2907 2.374597e+01 0 0 4.729135e-01 1.614236e+00 4.664444e-02 2.421073e-02 
43 2923 1.969939e+01 0 0 3.848570e-01 1.299535e+00 3.544668e-02 1.838018e-02 
44 2939 1.608735e+01 0 0 2.884373e-01 9.635195e-01 2.751111e-02 1.344444e-02 
45 2955 1.614367e+01 0 0 2.816831e-01 9.132632e-01 2.706674e-02 1.248499e-02 
46 2971 1.411004e+01 0 0 2.364580e-01 7.442477e-01 2.381854e-02 9.978631e-03 
47 2987 1.298724e+01 0 0 1.986622e-01 6.417313e-01 2.122819e-02 8.482779e-03 
48 3003 1.105236e+01 0 0 1.553185e-01 5.050458e-01 1.758128e-02 6.489509e-03 
49 3019 9.634684e+00 0 0 1.247043e-01 4.030820e-01 1.458828e-02 5.104009e-03 
50 3035 1.010018e+01 0 0 1.255001e-01 4.198522e-01 1.549247e-02 4.823932e-03 
51 3051 9.004969e+00 0 0 1.046354e-01 3.475138e-01 1.318391e-02 3.930203e-03 
52 3067 7.600980e+00 0 0 8.187358e-02 2.757646e-01 1.094157e-02 2.994516e-03 
53 3083 7.605739e+00 0 0 7.533898e-02 2.556907e-01 1.114151e-02 2.755045e-03 
54 3099 7.373904e+00 0 0 6.551367e-02 2.302857e-01 1.117434e-02 2.454717e-03 
55 3115 5.702321e+00 0 0 4.578711e-02 1.630057e-01 8.345126e-03 1.730083e-03 
56 3131 5.150860e+00 0 0 3.907469e-02 1.334308e-01 7.490860e-03 1.435362e-03 
57 3147 4.484059e+00 0 0 3.307504e-02 1.080556e-01 6.688182e-03 1.133691e-03 
58 3163 3.989288e+00 0 0 2.659044e-02 8.677950e-02 6.399676e-03 9.093557e-04 
59 3179 4.031544e+00 0 0 2.761876e-02 8.295047e-02 6.744511e-03 8.427646e-04 
60 3195 4.361635e+00 0 0 2.816735e-02 8.132111e-02 8.615707e-03 8.516023e-04 
61 3211 4.332084e+00 0 0 2.594959e-02 7.646960e-02 9.175163e-03 7.673639e-04 
62 3227 4.107508e+00 0 0 2.264922e-02 6.684105e-02 9.285967e-03 6.663977e-04 
63 3243 4.422230e+00 0 0 2.201464e-02 7.135302e-02 1.093815e-02 6.764149e-04 
64 3259 3.625291e+00 0 0 1.639069e-02 5.516558e-02 8.483854e-03 5.130943e-04 
65 3275 3.009040e+00 0 0 1.232629e-02 4.226617e-02 6.883501e-03 3.896032e-04 
66 3291 2.486450e+00 0 0 9.581847e-03 3.156807e-02 5.811443e-03 2.945188e-04 
67 3307 2.147692e+00 0 0 7.778699e-03 2.495692e-02 4.810709e-03 2.309049e-04 
68 3323 1.922156e+00 0 0 6.440210e-03 2.062516e-02 3.914228e-03 1.993142e-04 
69 3339 1.610732e+00 0 0 4.905024e-03 1.639927e-02 3.008083e-03 1.519562e-04 
70 3355 1.610175e+00 0 0 4.540823e-03 1.528713e-02 2.930370e-03 1.534585e-04 
71 3371 1.321247e+00 0 0 3.417433e-03 1.144693e-02 2.204946e-03 1.154227e-04 
72 3387 1.129699e+00 0 0 2.801603e-03 8.844485e-03 1.769461e-03 9.000948e-05 
73 3403 9.947755e-01 0 0 2.298467e-03 7.272167e-03 1.521590e-03 7.150196e-05 
74 3419 8.236711e-01 0 0 1.801844e-03 5.544395e-03 1.206089e-03 5.412835e-05 
75 3435 6.828659e-01 0 0 1.349128e-03 4.149493e-03 9.894910e-04 4.178021e-05 
76 3451 5.510640e-01 0 0 1.013877e-03 3.132807e-03 7.376615e-04 3.099583e-05 
77 3467 4.543713e-01 0 0 7.521498e-04 2.409877e-03 5.621497e-04 2.313837e-05 
78 3483 4.017695e-01 0 0 6.324019e-04 1.957836e-03 4.584820e-04 1.911061e-05 
79 3499 3.606931e-01 0 0 5.238178e-04 1.599081e-03 3.913359e-04 1.609557e-05 
80 3515 3.716572e-01 0 0 4.897562e-04 1.513104e-03 4.531111e-04 1.538264e-05 
81 3531 3.445450e-01 0 0 4.327752e-04 1.282431e-03 4.197275e-04 1.305875e-05 
82 3547 2.636098e-01 0 0 3.070423e-04 9.024021e-04 2.929417e-04 9.105996e-06 
83 3563 2.380211e-01 0 0 2.540025e-04 7.449551e-04 2.624081e-04 8.119235e-06 
84 3579 1.828687e-01 0 0 1.759899e-04 5.350821e-04 1.942064e-04 5.728159e-06 
85 3595 1.924749e-01 0 0 1.671343e-04 5.135155e-04 2.159485e-04 5.458539e-06 
86 3611 2.128366e-01 0 0 1.701165e-04 5.390598e-04 2.619949e-04 5.734188e-06 
87 3627 1.762407e-01 0 0 1.274583e-04 4.116324e-04 2.164143e-04 4.628749e-06 
88 3643 1.497147e-01 0 0 9.974733e-05 3.277672e-04 1.771256e-04 3.773973e-06 
89 3659 1.167140e-01 0 0 7.088216e-05 2.288083e-04 1.295487e-04 2.777579e-06 
90 3675 8.669599e-02 0 0 4.963778e-05 1.543212e-04 8.930970e-05 1.925611e-06 
91 3691 8.206698e-02 0 0 4.259911e-05 1.424777e-04 8.120595e-05 1.835283e-06 
92 3707 8.021762e-02 0 0 3.974593e-05 1.323155e-04 7.726220e-05 1.709090e-06 
93 3723 6.294826e-02 0 0 2.857194e-05 9.589555e-05 5.597987e-05 1.267173e-06 
94 3739 5.716949e-02 0 0 2.441595e-05 8.050536e-05 5.027987e-05 1.083727e-06 
95 3755 4.533385e-02 0 0 1.872680e-05 5.810706e-05 3.622588e-05 7.824245e-07 
96 3771 4.082764e-02 0 0 1.542421e-05 5.010388e-05 3.253867e-05 7.072283e-07 
97 3787 3.429196e-02 0 0 1.160888e-05 4.096714e-05 2.523446e-05 5.524556e-07 
98 3803 2.775818e-02 0 0 8.650217e-06 3.051996e-05 1.890993e-05 4.144520e-07 
99 3819 2.490812e-02 0 0 7.032440e-06 2.520850e-05 1.669788e-05 3.705807e-07 
100 3835 2.277863e-02 0 0 5.996180e-06 2.214970e-05 1.450691e-05 3.136616e-07 
101 3851 2.054024e-02 0 0 5.038328e-06 1.860941e-05 1.312934e-05 2.826192e-07 
102 3867 2.060119e-02 0 0 5.038236e-06 1.752985e-05 1.340234e-05 2.719804e-07 
103 3883 2.096472e-02 0 0 4.732956e-06 1.759565e-05 1.359675e-05 2.880779e-07 
104 3899 1.623410e-02 0 0 3.308901e-06 1.237447e-05 9.970713e-06 2.126089e-07 
105 3915 1.353900e-02 0 0 2.544891e-06 9.733270e-06 7.644226e-06 1.628747e-07 
106 3931 1.065063e-02 0 0 1.870332e-06 6.973761e-06 6.418433e-06 1.290236e-07 
107 3947 8.819487e-03 0 0 1.410735e-06 5.229572e-06 5.029426e-06 1.003136e-07 
108 3963 7.852801e-03 0 0 1.151793e-06 4.300111e-06 4.568262e-06 8.802430e-08 
109 3979 6.672456e-03 0 0 8.934968e-07 3.381892e-06 3.725927e-06 7.035530e-08 
110 3995 6.993961e-03 0 0 8.841332e-07 3.205167e-06 4.080122e-06 7.632293e-08 
111 4011 5.433561e-03 0 0 6.323715e-07 2.261355e-06 2.901606e-06 5.414749e-08 
112 4027 5.409939e-03 0 0 6.287615e-07 2.220617e-06 2.603810e-06 4.860019e-08 
113 4043 4.274648e-03 0 0 4.525255e-07 1.614754e-06 1.980283e-06 3.598880e-08 
114 4059 3.652448e-03 0 0 3.576603e-07 1.280559e-06 1.529926e-06 2.809685e-08 
115 4075 3.444284e-03 0 0 3.028078e-07 1.185070e-06 1.438516e-06 2.630527e-08 
116 4091 3.258400e-03 0 0 2.858286e-07 1.050437e-06 1.342182e-06 2.430529e-08 
117 4107 3.007808e-03 0 0 2.379296e-07 8.950806e-07 1.295207e-06 2.341906e-08 
118 4123 3.819648e-03 0 0 2.750340e-07 1.036258e-06 2.107464e-06 3.689983e-08 
119 4139 3.457799e-03 0 0 2.358080e-07 8.613455e-07 2.088447e-06 3.605151e-08 
120 4155 2.909771e-03 0 0 1.795047e-07 6.550830e-07 1.684507e-06 2.942906e-08 
121 4171 2.321460e-03 0 0 1.379451e-07 4.942093e-07 1.305926e-06 2.266806e-08 
122 4187 2.237318e-03 0 0 1.225792e-07 4.533435e-07 1.242652e-06 2.182916e-08 
123 4203 2.206653e-03 0 0 1.132642e-07 4.047678e-07 1.246501e-06 2.154978e-08 
124 4219 2.692268e-03 0 0 1.339208e-07 5.156512e-07 1.401678e-06 2.441394e-08 
125 4235 2.361239e-03 0 0 1.104433e-07 4.249060e-07 1.286907e-06 2.248548e-08 
126 4251 1.879317e-03 0 0 7.987352e-08 3.070273e-07 9.876353e-07 1.724162e-08 
127 4267 1.853518e-03 0 0 7.551144e-08 3.190204e-07 9.231074e-07 1.627065e-08 
128 4283 1.572003e-03 0 0 5.803551e-08 2.493851e-07 7.499072e-07 1.312017e-08 
129 4299 1.703050e-03 0 0 6.352263e-08 2.581273e-07 8.257412e-07 1.461270e-08 
130 4315 1.739785e-03 0 0 6.176618e-08 2.657517e-07 8.220208e-07 1.434470e-08 
131 4331 1.621212e-03 0 0 5.689075e-08 2.393824e-07 7.386033e-07 1.296312e-08 
1 4365 1.081928e+02 0 0 2.454956e+01 1.294851e+02 3.127638e-01 2.872668e-01 
2 4397 1.243060e+02 0 0 2.563097e+01 1.444809e+02 4.100458e-01 3.389650e-01 
3 4429 1.343259e+02 0 0 2.391273e+01 1.570560e+02 3.994064e-01 3.772296e-01 
4 4461 1.350183e+02 0 0 1.989704e+01 1.545854e+02 3.754822e-01 3.532723e-01 
5 4493 1.405967e+02 0 0 1.736607e+01 1.750000e+02 4.186832e-01 4.088440e-01 
6 4525 1.471622e+02 0 0 1.646603e+01 1.750000e+02 4.135397e-01 4.608866e-01 
7 4557 1.426265e+02 0 0 1.375193e+01 1.750000e+02 3.553106e-01 4.007093e-01 
8 4589 1.364057e+02 0 0 1.167952e+01 1.591931e+02 3.263682e-01 3.302339e-01 
9 4621 1.255288e+02 0 0 9.278190e+00 1.259139e+02 2.624357e-01 3.183076e-01 
10 4653 1.317053e+02 0 0 8.301556e+00 1.197068e+02 2.979381e-01 3.067589e-01 
11 4685 1.228862e+02 0 0 6.556903e+00 9.772693e+01 2.767751e-01 2.538680e-01 
12 4717 1.349706e+02 0 0 6.473831e+00 9.745141e+01 2.907752e-01 2.937944e-01 
13 4749 1.300484e+02 0 0 5.765929e+00 8.020875e+01 2.551885e-01 2.492697e-01 
14 4781 1.151994e+02 0 0 4.614203e+00 6.383042e+01 2.015978e-01 1.907359e-01 
15 4813 1.053766e+02 0 0 3.858259e+00 5.261362e+01 1.860671e-01 1.641019e-01 
16 4845 1.021493e+02 0 0 3.648840e+00 4.753672e+01 1.513560e-01 1.418237e-01 
17 4877 1.030853e+02 0 0 3.520481e+00 4.174541e+01 1.337023e-01 1.309367e-01 
18 4909 9.958828e+01 0 0 3.175432e+00 3.352271e+01 1.304349e-01 1.230003e-01 
19 4941 8.888126e+01 0 0 2.427416e+00 2.407697e+01 1.261913e-01 1.008530e-01 
20 4973 8.234948e+01 0 0 1.972398e+00 1.794924e+01 1.306530e-01 1.030178e-01 
21 5005 7.715619e+01 0 0 1.771495e+00 1.353825e+01 1.168675e-01 8.747185e-02 
22 5037 6.812213e+01 0 0 1.397113e+00 1.020157e+01 1.018923e-01 7.398879e-02 
23 5069 7.316363e+01 0 0 1.545421e+00 9.520309e+00 1.165792e-01 8.107718e-02 
24 5101 8.385306e+01 0 0 1.595864e+00 9.206839e+00 1.131882e-01 1.158861e-01 
25 5133 9.502449e+01 0 0 1.523805e+00 8.611912e+00 1.104055e-01 1.370362e-01 
26 5165 9.175518e+01 0 0 1.291201e+00 7.445412e+00 1.048350e-01 1.146128e-01 
27 5197 9.242296e+01 0 0 1.131678e+00 6.408087e+00 1.004766e-01 9.697665e-02 
28 5229 8.372950e+01 0 0 9.395640e-01 4.770281e+00 7.863616e-02 7.581638e-02 
29 5261 7.733590e+01 0 0 7.689432e-01 3.581724e+00 6.490352e-02 6.237481e-02 
30 5293 6.466184e+01 0 0 5.620558e-01 2.503886e+00 5.750144e-02 4.317218e-02 
31 5325 6.149243e+01 0 0 4.478097e-01 1.984408e+00 5.282920e-02 3.737118e-02 
32 5357 6.283790e+01 0 0 4.177668e-01 1.660931e+00 5.329996e-02 3.649436e-02 
33 5389 5.747687e+01 0 0 3.217516e-01 1.370851e+00 4.583368e-02 2.849114e-02 
34 5421 5.309259e+01 0 0 2.531636e-01 1.081079e+00 4.141353e-02 2.200893e-02 
35 5453 5.186645e+01 0 0 2.133775e-01 9.032113e-01 4.187873e-02 1.758703e-02 
36 5485 4.180875e+01 0 0 1.459407e-01 6.089585e-01 2.888605e-02 1.150483e-02 
37 5517 3.876464e+01 0 0 1.155932e-01 4.716654e-01 2.622888e-02 8.796918e-03 
38 5549 3.786448e+01 0 0 1.060245e-01 4.046718e-01 2.828606e-02 7.180098e-03 
39 5581 4.304518e+01 0 0 1.071083e-01 4.007298e-01 4.085487e-02 6.741451e-03 
40 5613 5.077123e+01 0 0 1.079507e-01 4.088992e-01 5.460110e-02 6.433376e-03 
41 5645 4.347369e+01 0 0 7.839234e-02 2.898705e-01 4.347203e-02 4.547113e-03 
42 5677 3.846408e+01 0 0 5.983272e-02 2.160340e-01 3.594287e-02 3.414384e-03 
43 5709 3.328266e+01 0 0 4.673627e-02 1.610874e-01 3.470259e-02 2.418833e-03 
44 5741 2.795417e+01 0 0 3.340388e-02 1.145233e-01 2.590088e-02 1.668208e-03 
45 5773 2.732593e+01 0 0 2.858493e-02 9.922833e-02 2.625422e-02 1.403226e-03 
46 5805 2.391698e+01 0 0 2.147089e-02 7.686627e-02 2.081785e-02 1.003241e-03 
47 5837 2.344578e+01 0 0 1.889298e-02 6.384918e-02 2.005495e-02 8.379649e-04 
48 5869 1.980668e+01 0 0 1.334644e-02 4.640780e-02 1.597993e-02 5.940359e-04 
49 5901 1.683155e+01 0 0 9.515165e-03 3.420652e-02 1.170763e-02 4.292017e-04 
50 5933 1.634983e+01 0 0 8.290460e-03 2.921979e-02 1.106764e-02 3.872526e-04 
51 5965 1.371303e+01 0 0 5.843568e-03 2.041149e-02 8.618956e-03 2.841730e-04 
52 5997 1.353375e+01 0 0 4.831514e-03 1.843629e-02 8.922352e-03 2.570568e-04 
53 6029 1.372478e+01 0 0 4.064313e-03 1.615808e-02 9.536487e-03 2.454173e-04 
54 6061 1.229462e+01 0 0 3.261265e-03 1.278221e-02 9.260193e-03 2.050642e-04 
55 6093 1.284173e+01 0 0 3.361289e-03 1.129427e-02 9.025084e-03 1.942787e-04 
56 6125 1.171962e+01 0 0 2.538406e-03 8.679288e-03 9.033514e-03 1.778687e-04 
57 6157 1.012840e+01 0 0 1.897388e-03 6.437255e-03 7.555646e-03 1.378866e-04 
58 6189 8.531249e+00 0 0 1.313929e-03 4.651398e-03 6.434180e-03 1.117789e-04 
59 6221 7.297972e+00 0 0 9.429407e-04 3.362621e-03 5.444706e-03 9.237895e-05 
60 6253 5.912298e+00 0 0 6.544769e-04 2.289749e-03 4.517983e-03 7.893028e-05 
61 6285 5.831803e+00 0 0 5.506121e-04 2.029751e-03 4.493004e-03 7.609226e-05 
62 6317 6.480024e+00 0 0 5.497794e-04 1.983489e-03 5.918439e-03 1.043371e-04 
63 6349 5.507009e+00 0 0 4.097731e-04 1.382077e-03 5.744099e-03 9.894652e-05 
64 6381 4.593782e+00 0 0 2.914617e-04 9.830694e-04 4.520705e-03 7.809596e-05 
65 6413 3.756849e+00 0 0 2.008777e-04 6.618372e-04 3.674460e-03 6.308090e-05 
66 6445 3.209207e+00 0 0 1.434539e-04 4.927748e-04 2.974239e-03 5.104352e-05 
67 6477 3.266845e+00 0 0 1.207636e-04 4.096355e-04 3.267411e-03 5.642182e-05 
68 6509 3.143626e+00 0 0 9.891164e-05 3.469631e-04 3.306437e-03 5.692174e-05 
69 6541 2.500304e+00 0 0 6.454110e-05 2.353450e-04 2.518580e-03 4.340673e-05 
70 6573 2.191326e+00 0 0 4.697597e-05 1.693821e-04 2.220181e-03 3.823531e-05 
71 6605 1.933800e+00 0 0 3.425970e-05 1.301999e-04 1.885323e-03 3.240314e-05 
72 6637 1.591847e+00 0 0 2.311071e-05 9.242402e-05 1.504379e-03 2.590774e-05 
73 6669 1.321390e+00 0 0 1.686865e-05 6.358974e-05 1.112354e-03 1.916901e-05 
74 6701 1.120063e+00 0 0 1.276141e-05 4.503777e-05 8.207805e-04 1.413146e-05 
75 6733 9.339209e-01 0 0 9.164680e-06 3.137955e-05 6.586337e-04 1.136723e-05 
76 6765 8.635161e-01 0 0 7.124159e-06 2.427496e-05 6.616865e-04 1.142109e-05 
77 6797 7.580259e-01 0 0 5.409676e-06 1.836758e-05 5.689741e-04 9.823650e-06 
78 6829 6.578660e-01 0 0 3.983658e-06 1.402536e-05 4.534281e-04 7.830422e-06 
79 6861 5.217871e-01 0 0 2.579624e-06 9.142056e-06 3.393160e-04 5.863016e-06 
80 6893 5.371863e-01 0 0 2.170009e-06 7.763387e-06 3.892381e-04 6.734277e-06 
81 6925 4.430967e-01 0 0 1.494278e-06 5.258506e-06 3.096153e-04 5.366115e-06 
82 6957 3.527103e-01 0 0 1.016530e-06 3.487305e-06 2.104684e-04 3.649982e-06 
83 6989 3.045387e-01 0 0 7.463691e-07 2.497473e-06 1.609147e-04 2.791038e-06 
84 7021 2.771880e-01 0 0 5.560564e-07 2.008491e-06 1.572878e-04 2.729146e-06 
85 7053 2.470623e-01 0 0 4.389952e-07 1.529842e-06 1.296657e-04 2.250458e-06 
86 7085 2.135297e-01 0 0 3.140377e-07 1.108433e-06 9.849017e-05 1.709378e-06 
87 7117 2.443388e-01 0 0 3.058762e-07 1.173259e-06 1.433728e-04 2.486819e-06 
88 7149 1.957489e-01 0 0 2.110015e-07 7.897757e-07 1.024232e-04 1.776875e-06 
89 7181 1.821167e-01 0 0 1.670215e-07 6.510017e-07 8.572249e-05 1.487423e-06 
90 7213 1.652331e-01 0 0 1.357928e-07 4.998291e-07 6.885370e-05 1.194707e-06 
91 7245 1.911816e-01 0 0 1.414165e-07 4.906335e-07 1.032429e-04 1.791696e-06 
92 7277 1.831044e-01 0 0 1.247367e-07 3.818867e-07 1.022263e-04 1.773445e-06 
93 7309 1.757645e-01 0 0 1.103320e-07 3.127411e-07 9.432818e-05 1.636296e-06 
94 7341 1.761044e-01 0 0 1.035203e-07 2.886119e-07 8.472017e-05 1.469527e-06 
95 7373 1.775105e-01 0 0 9.349513e-08 2.709273e-07 8.231659e-05 1.428094e-06 
96 7405 1.911543e-01 0 0 9.124800e-08 2.709577e-07 9.430963e-05 1.635531e-06 
1 7471 1.096592e+02 0 0 2.402330e+01 8.731910e+01 2.713647e-01 3.115119e-01 
2 7535 1.102146e+02 0 0 1.968630e+01 6.476365e+01 2.319474e-01 2.294721e-01 
3 7599 1.283556e+02 0 0 1.944002e+01 6.809924e+01 2.634199e-01 3.353118e-01 
4 7663 1.545518e+02 0 0 1.825962e+01 6.492804e+01 3.112312e-01 4.209447e-01 
5 7727 1.568923e+02 0 0 1.404037e+01 5.324936e+01 3.177800e-01 3.897484e-01 
6 7791 1.626779e+02 0 0 1.054805e+01 3.838189e+01 3.144663e-01 3.603900e-01 
7 7855 1.504571e+02 0 0 7.233432e+00 2.630477e+01 2.664414e-01 2.831113e-01 
8 7919 1.590388e+02 0 0 5.455750e+00 1.856817e+01 2.836294e-01 2.667535e-01 
9 7983 1.531858e+02 0 0 3.924201e+00 1.254899e+01 2.439618e-01 2.615629e-01 
10 8047 1.522128e+02 0 0 2.740494e+00 9.071824e+00 2.269220e-01 2.365073e-01 
11 8111 1.671178e+02 0 0 2.011260e+00 7.227543e+00 2.048335e-01 2.683738e-01 
12 8175 1.827399e+02 0 0 1.735343e+00 6.462700e+00 2.039672e-01 2.305746e-01 
13 8239 1.737635e+02 0 0 1.223859e+00 4.747027e+00 1.836577e-01 1.663892e-01 
14 8303 1.747752e+02 0 0 9.647609e-01 3.500916e+00 1.680550e-01 1.476781e-01 
15 8367 1.990690e+02 0 0 9.381293e-01 2.997979e+00 2.379505e-01 1.260079e-01 
16 8431 1.677994e+02 0 0 7.725234e-01 2.306446e+00 1.603587e-01 8.127399e-02 
17 8495 1.717116e+02 0 0 6.738767e-01 2.253938e+00 1.617245e-01 7.186799e-02 
18 8559 2.017026e+02 0 0 7.101302e-01 2.775024e+00 2.269471e-01 6.421695e-02 
19 8623 2.034692e+02 0 0 5.785643e-01 2.124993e+00 2.180604e-01 4.704877e-02 
20 8687 1.984669e+02 0 0 4.516351e-01 1.532701e+00 1.709327e-01 3.681404e-02 
21 8751 1.956381e+02 0 0 3.637028e-01 1.126943e+00 1.665160e-01 2.639300e-02 
22 8815 1.891866e+02 0 0 2.520039e-01 7.918385e-01 1.428146e-01 1.888109e-02 
23 8879 1.666190e+02 0 0 1.611739e-01 5.306677e-01 1.061831e-01 1.214929e-02 
24 8943 1.780187e+02 0 0 1.448958e-01 4.567289e-01 1.280127e-01 1.086516e-02 
25 9007 1.631229e+02 0 0 9.995549e-02 3.277333e-01 1.138827e-01 7.350922e-03 
26 9071 1.450679e+02 0 0 6.529366e-02 2.256045e-01 8.967987e-02 4.784171e-03 
27 9135 1.327032e+02 0 0 4.296866e-02 1.524459e-01 7.358942e-02 3.155163e-03 
28 9199 1.122740e+02 0 0 2.807828e-02 9.153855e-02 5.998988e-02 1.923011e-03 
29 9263 1.172604e+02 0 0 2.255099e-02 6.688754e-02 6.364099e-02 1.588973e-03 
30 9327 9.901598e+01 0 0 1.378529e-02 4.011594e-02 5.433944e-02 1.199849e-03 
31 9391 9.031411e+01 0 0 9.094179e-03 2.935513e-02 4.212241e-02 8.869255e-04 
32 9455 8.762684e+01 0 0 7.157551e-03 2.255416e-02 3.728312e-02 7.421438e-04 
33 9519 8.325718e+01 0 0 5.487886e-03 1.606359e-02 3.336109e-02 6.463792e-04 
34 9583 7.168462e+01 0 0 3.384559e-03 9.489883e-03 3.385256e-02 6.177169e-04 
35 9647 6.293687e+01 0 0 2.125720e-03 6.114806e-03 3.057184e-02 5.464083e-04 
36 9711 5.362113e+01 0 0 1.218838e-03 3.712939e-03 2.587546e-02 4.570311e-04 
37 9775 5.088443e+01 0 0 8.246510e-04 2.696694e-03 2.491798e-02 4.342359e-04 
38 9839 4.599190e+01 0 0 5.307127e-04 1.826433e-03 2.292987e-02 3.994018e-04 
39 9903 4.071988e+01 0 0 3.121431e-04 1.116453e-03 1.933534e-02 3.351205e-04 
40 9967 3.590013e+01 0 0 2.017057e-04 7.054665e-04 1.521714e-02 2.641151e-04 
41 10031 3.348606e+01 0 0 1.300695e-04 4.485846e-04 1.263508e-02 2.191366e-04 
42 10095 3.198990e+01 0 0 8.599756e-05 3.365977e-04 1.008913e-02 1.750981e-04 
43 10159 2.987493e+01 0 0 6.069685e-05 2.209952e-04 8.218647e-03 1.423634e-04 
44 10223 2.622984e+01 0 0 3.933227e-05 1.392635e-04 7.448366e-03 1.290831e-04 
45 10287 2.384020e+01 0 0 2.650566e-05 9.262601e-05 6.387899e-03 1.107978e-04 
46 10351 2.140265e+01 0 0 1.649527e-05 6.234782e-05 5.754944e-03 9.985243e-05 
47 10415 2.002823e+01 0 0 1.022598e-05 4.194838e-05 5.382818e-03 9.332854e-05 
48 10479 2.005559e+01 0 0 8.761782e-06 2.966873e-05 5.051882e-03 8.760618e-05 
49 10543 1.695026e+01 0 0 5.252347e-06 1.770711e-05 4.053184e-03 7.031962e-05 
50 10607 1.594834e+01 0 0 3.643491e-06 1.245275e-05 3.421365e-03 5.935899e-05 
51 10671 1.599171e+01 0 0 2.554334e-06 8.879890e-06 3.370768e-03 5.847616e-05 
52 10735 1.495124e+01 0 0 1.651709e-06 6.309759e-06 3.163458e-03 5.487247e-05 
53 10799 1.246832e+01 0 0 1.027717e-06 3.756411e-06 2.719835e-03 4.717310e-05 
54 10863 1.081443e+01 0 0 6.286517e-07 2.392009e-06 2.188823e-03 3.796413e-05 
55 10927 1.024261e+01 0 0 4.530437e-07 1.643997e-06 1.905655e-03 3.305293e-05 
56 10991 9.816419e+00 0 0 3.064031e-07 1.193877e-06 1.486539e-03 2.578226e-05 
57 11055 9.027676e+00 0 0 2.202650e-07 7.814613e-07 1.135482e-03 1.969396e-05 
58 11119 8.378783e+00 0 0 1.538396e-07 5.491132e-07 9.366654e-04 1.624625e-05 
59 11183 7.241524e+00 0 0 1.069915e-07 3.532534e-07 7.868408e-04 1.364870e-05 
60 11247 7.455375e+00 0 0 8.915349e-08 3.038617e-07 9.421168e-04 1.634210e-05 
61 11311 6.639433e+00 0 0 7.468749e-08 2.314127e-07 9.601488e-04 1.665504e-05 
62 11375 6.184757e+00 0 0 6.693265e-08 1.863617e-07 8.564321e-04 1.485582e-05 
63 11439 6.418087e+00 0 0 5.798223e-08 2.074960e-07 8.871800e-04 1.538949e-05 
64 11503 5.876814e+00 0 0 4.212155e-08 1.643976e-07 6.509799e-04 1.129228e-05 
65 11567 4.883765e+00 0 0 3.111720e-08 1.243830e-07 5.812301e-04 1.008234e-05 
66 11631 4.860561e+00 0 0 3.149259e-08 1.135404e-07 6.258819e-04 1.085663e-05 
