%  columns="iteration, evaluation, sigma, max axis length, min axis length, all principal axes lengths (sorted square roots of eigenvalues of C)" (startseed=210463, 2022/07/14 11:16:34.63)
1 9 1.009107e+02 9.437237e-01 2.719846e-03 2.719846e-03 2.904228e-03 2.595473e-01 9.437237e-01 
2 17 1.093645e+02 9.830118e-01 2.706778e-03 2.706778e-03 2.990832e-03 2.475617e-01 9.830118e-01 
3 25 8.721636e+01 9.407225e-01 2.556491e-03 2.556491e-03 2.864560e-03 2.348434e-01 9.407225e-01 
4 33 9.063056e+01 9.200642e-01 2.445375e-03 2.445375e-03 2.917437e-03 2.517813e-01 9.200642e-01 
5 41 8.474818e+01 8.833878e-01 2.327491e-03 2.327491e-03 2.895868e-03 2.452211e-01 8.833878e-01 
6 49 7.400101e+01 8.508402e-01 2.205229e-03 2.205229e-03 2.913044e-03 2.387148e-01 8.508402e-01 
7 57 6.951368e+01 8.141011e-01 2.152612e-03 2.152612e-03 2.837609e-03 2.396812e-01 8.141011e-01 
8 65 6.197615e+01 8.490284e-01 2.030423e-03 2.030423e-03 2.737898e-03 2.322680e-01 8.490284e-01 
9 73 5.878312e+01 8.155753e-01 1.946881e-03 1.946881e-03 2.723336e-03 2.317270e-01 8.155753e-01 
10 81 6.809120e+01 7.792319e-01 2.098478e-03 2.098478e-03 2.911296e-03 2.290115e-01 7.792319e-01 
11 89 6.501355e+01 7.391727e-01 1.985000e-03 1.985000e-03 2.924267e-03 2.193922e-01 7.391727e-01 
12 97 6.576683e+01 7.001671e-01 1.877897e-03 1.877897e-03 3.126409e-03 2.084589e-01 7.001671e-01 
13 105 6.430496e+01 6.602481e-01 1.909670e-03 1.909670e-03 3.041497e-03 2.021466e-01 6.602481e-01 
14 113 5.954090e+01 6.454787e-01 1.821376e-03 1.821376e-03 2.986218e-03 1.947214e-01 6.454787e-01 
15 121 5.209161e+01 6.220079e-01 1.770511e-03 1.770511e-03 3.014847e-03 1.845461e-01 6.220079e-01 
16 129 4.332315e+01 5.936279e-01 1.705837e-03 1.705837e-03 2.903196e-03 1.759005e-01 5.936279e-01 
17 137 4.059564e+01 5.595294e-01 1.756725e-03 1.756725e-03 2.753491e-03 1.682417e-01 5.595294e-01 
18 145 3.416732e+01 5.411712e-01 1.680605e-03 1.680605e-03 2.628146e-03 1.603837e-01 5.411712e-01 
19 153 2.868581e+01 5.107256e-01 1.632102e-03 1.632102e-03 2.512116e-03 1.545665e-01 5.107256e-01 
20 161 2.727793e+01 4.894992e-01 1.649149e-03 1.649149e-03 2.487026e-03 1.479349e-01 4.894992e-01 
21 169 2.818252e+01 4.625680e-01 1.568805e-03 1.568805e-03 2.757971e-03 1.466307e-01 4.625680e-01 
22 177 2.344799e+01 4.400298e-01 1.479919e-03 1.479919e-03 2.629579e-03 1.390937e-01 4.400298e-01 
23 185 2.090148e+01 4.224471e-01 1.415475e-03 1.415475e-03 2.574590e-03 1.364684e-01 4.224471e-01 
24 193 1.840492e+01 3.975261e-01 1.345617e-03 1.345617e-03 2.640845e-03 1.291277e-01 3.975261e-01 
25 201 1.590985e+01 3.864028e-01 1.272215e-03 1.272215e-03 2.518500e-03 1.226094e-01 3.864028e-01 
26 209 1.451583e+01 3.733408e-01 1.223994e-03 1.223994e-03 2.575157e-03 1.161840e-01 3.733408e-01 
27 217 1.248065e+01 3.601889e-01 1.151534e-03 1.151534e-03 2.458335e-03 1.104633e-01 3.601889e-01 
28 225 1.135189e+01 3.563851e-01 1.094649e-03 1.094649e-03 2.367714e-03 1.085120e-01 3.563851e-01 
29 233 1.018859e+01 3.378895e-01 1.049673e-03 1.049673e-03 2.382034e-03 1.030569e-01 3.378895e-01 
30 241 8.879695e+00 3.207044e-01 1.001022e-03 1.001022e-03 2.309212e-03 9.771253e-02 3.207044e-01 
31 249 8.292977e+00 3.062697e-01 9.783396e-04 9.783396e-04 2.320135e-03 9.346445e-02 3.062697e-01 
32 257 8.137876e+00 2.886456e-01 9.447618e-04 9.447618e-04 2.390899e-03 9.004811e-02 2.886456e-01 
33 265 7.492353e+00 2.796710e-01 8.981245e-04 8.981245e-04 2.322740e-03 8.740803e-02 2.796710e-01 
34 273 6.910304e+00 2.665774e-01 8.518347e-04 8.518347e-04 2.338597e-03 8.242774e-02 2.665774e-01 
35 281 5.740350e+00 2.514391e-01 8.157355e-04 8.157355e-04 2.217957e-03 7.943387e-02 2.514391e-01 
36 289 5.253852e+00 2.391479e-01 7.893067e-04 7.893067e-04 2.280447e-03 7.525004e-02 2.391479e-01 
37 297 4.704466e+00 2.272827e-01 7.529298e-04 7.529298e-04 2.230435e-03 7.101521e-02 2.272827e-01 
38 305 4.111395e+00 2.149495e-01 7.175284e-04 7.175284e-04 2.177194e-03 6.942861e-02 2.149495e-01 
39 313 3.345234e+00 2.062480e-01 7.095164e-04 7.095164e-04 2.084624e-03 6.577681e-02 2.062480e-01 
40 321 3.183245e+00 1.998679e-01 6.730381e-04 6.730381e-04 2.112328e-03 6.527896e-02 1.998679e-01 
41 329 3.120553e+00 1.926131e-01 6.971857e-04 6.971857e-04 2.069266e-03 6.177496e-02 1.926131e-01 
42 337 3.127842e+00 1.914492e-01 6.933831e-04 6.933831e-04 1.992599e-03 6.007044e-02 1.914492e-01 
43 345 3.328444e+00 1.828224e-01 7.001019e-04 7.001019e-04 2.101641e-03 6.049983e-02 1.828224e-01 
44 353 3.482956e+00 1.723177e-01 6.798463e-04 6.798463e-04 2.198844e-03 5.793900e-02 1.723177e-01 
45 361 4.336041e+00 1.632212e-01 6.722659e-04 6.722659e-04 2.633682e-03 5.474411e-02 1.632212e-01 
46 369 4.486756e+00 1.609691e-01 6.422968e-04 6.422968e-04 2.639077e-03 5.210299e-02 1.609691e-01 
47 377 5.230684e+00 1.539091e-01 6.473826e-04 6.473826e-04 3.019642e-03 4.945679e-02 1.539091e-01 
48 385 5.970117e+00 1.538061e-01 6.250263e-04 6.250263e-04 3.309993e-03 4.670261e-02 1.538061e-01 
49 393 6.370285e+00 1.451739e-01 6.009139e-04 6.009139e-04 3.516863e-03 4.448045e-02 1.451739e-01 
50 401 5.852484e+00 1.375199e-01 5.792317e-04 5.792317e-04 3.397970e-03 4.383075e-02 1.375199e-01 
51 409 5.609764e+00 1.369299e-01 5.839008e-04 5.839008e-04 3.382440e-03 4.167245e-02 1.369299e-01 
52 417 7.099198e+00 1.364157e-01 5.761151e-04 5.761151e-04 4.286139e-03 3.935208e-02 1.364157e-01 
53 425 7.547905e+00 1.309591e-01 5.567972e-04 5.567972e-04 4.424239e-03 3.743391e-02 1.309591e-01 
54 433 1.050060e+01 1.293598e-01 5.723702e-04 5.723702e-04 4.704650e-03 3.625315e-02 1.293598e-01 
55 441 1.440172e+01 1.255170e-01 5.781315e-04 5.781315e-04 4.654378e-03 3.533504e-02 1.255170e-01 
56 449 1.651549e+01 1.183105e-01 5.571802e-04 5.571802e-04 4.581822e-03 3.642299e-02 1.183105e-01 
57 457 1.998428e+01 1.123984e-01 5.369978e-04 5.369978e-04 4.955796e-03 3.482773e-02 1.123984e-01 
58 465 2.143734e+01 1.059810e-01 5.091245e-04 5.091245e-04 5.080453e-03 3.397680e-02 1.059810e-01 
59 473 2.100838e+01 1.005718e-01 4.866831e-04 4.866831e-04 5.100251e-03 3.299867e-02 1.005718e-01 
60 481 2.090978e+01 9.589249e-02 4.694955e-04 4.694955e-04 5.367675e-03 3.137746e-02 9.589249e-02 
61 489 2.230434e+01 9.351939e-02 4.492201e-04 4.492201e-04 5.711642e-03 3.011876e-02 9.351939e-02 
62 497 2.227356e+01 9.176490e-02 4.483373e-04 4.483373e-04 5.556194e-03 2.843144e-02 9.176490e-02 
63 505 1.923930e+01 8.831980e-02 4.388918e-04 4.388918e-04 5.271522e-03 2.754487e-02 8.831980e-02 
64 513 1.758653e+01 8.381035e-02 4.159494e-04 4.159494e-04 5.240007e-03 2.651431e-02 8.381035e-02 
65 521 1.422455e+01 7.947845e-02 3.950342e-04 3.950342e-04 4.975235e-03 2.531975e-02 7.947845e-02 
66 529 1.229552e+01 7.756092e-02 3.858329e-04 3.858329e-04 4.710268e-03 2.441307e-02 7.756092e-02 
67 537 1.317294e+01 7.582273e-02 3.855865e-04 3.855865e-04 5.091466e-03 2.333879e-02 7.582273e-02 
68 545 1.221267e+01 7.268338e-02 3.757765e-04 3.757765e-04 4.969805e-03 2.252778e-02 7.268338e-02 
69 553 1.070371e+01 6.998076e-02 3.668496e-04 3.668496e-04 4.792293e-03 2.191154e-02 6.998076e-02 
70 561 9.879775e+00 6.891700e-02 3.679924e-04 3.679924e-04 4.572478e-03 2.088066e-02 6.891700e-02 
71 569 9.281079e+00 6.554086e-02 3.558436e-04 3.558436e-04 4.632740e-03 1.968684e-02 6.554086e-02 
72 577 8.296595e+00 6.650993e-02 3.366916e-04 3.366916e-04 4.411033e-03 1.873162e-02 6.650993e-02 
73 585 7.561627e+00 6.623630e-02 3.217527e-04 3.217527e-04 4.156731e-03 1.765363e-02 6.623630e-02 
74 593 6.629822e+00 6.291422e-02 3.236763e-04 3.236763e-04 3.992680e-03 1.671881e-02 6.291422e-02 
75 601 5.455386e+00 6.000902e-02 3.086036e-04 3.086036e-04 3.777872e-03 1.601154e-02 6.000902e-02 
76 609 5.648958e+00 5.730538e-02 2.993526e-04 2.993526e-04 3.560426e-03 1.779852e-02 5.730538e-02 
77 617 5.024866e+00 5.563029e-02 2.862122e-04 2.862122e-04 3.397491e-03 1.706734e-02 5.563029e-02 
78 625 4.366830e+00 5.388149e-02 2.755856e-04 2.755856e-04 3.302863e-03 1.627026e-02 5.388149e-02 
79 633 4.914183e+00 5.138629e-02 2.627130e-04 2.627130e-04 3.113460e-03 1.969838e-02 5.138629e-02 
80 641 4.433070e+00 4.882197e-02 2.582770e-04 2.582770e-04 2.956662e-03 1.991709e-02 4.882197e-02 
81 649 3.904553e+00 4.643932e-02 2.486257e-04 2.486257e-04 2.787557e-03 1.947207e-02 4.643932e-02 
82 657 3.339376e+00 4.448853e-02 2.347332e-04 2.347332e-04 2.677380e-03 1.904195e-02 4.448853e-02 
83 665 3.229358e+00 4.214824e-02 2.242382e-04 2.242382e-04 2.824258e-03 1.810163e-02 4.214824e-02 
84 673 3.886378e+00 4.232745e-02 2.680170e-04 2.680170e-04 2.707198e-03 1.744502e-02 4.232745e-02 
85 681 3.876123e+00 4.270007e-02 2.687384e-04 2.687384e-04 2.557426e-03 1.685038e-02 4.270007e-02 
86 689 4.288511e+00 4.106143e-02 2.917337e-04 2.917337e-04 2.431983e-03 1.634995e-02 4.106143e-02 
87 697 4.105026e+00 4.081286e-02 2.838765e-04 2.838765e-04 2.301807e-03 1.554398e-02 4.081286e-02 
88 705 3.603240e+00 3.870760e-02 2.770108e-04 2.770108e-04 2.188278e-03 1.560419e-02 3.870760e-02 
89 713 3.267103e+00 3.724233e-02 2.696254e-04 2.696254e-04 2.104548e-03 1.523530e-02 3.724233e-02 
90 721 3.353978e+00 3.567877e-02 2.793449e-04 2.793449e-04 1.982717e-03 1.503312e-02 3.567877e-02 
91 729 3.394268e+00 3.382190e-02 2.911143e-04 2.911143e-04 1.916598e-03 1.429152e-02 3.382190e-02 
92 737 3.118651e+00 3.350184e-02 2.755655e-04 2.755655e-04 1.828781e-03 1.411423e-02 3.350184e-02 
93 745 2.618812e+00 3.188796e-02 2.654920e-04 2.654920e-04 1.743583e-03 1.357036e-02 3.188796e-02 
94 753 2.841261e+00 3.057239e-02 2.545490e-04 2.545490e-04 1.648157e-03 1.606637e-02 3.057239e-02 
95 761 3.025904e+00 2.950611e-02 2.708416e-04 2.708416e-04 1.550228e-03 1.580630e-02 2.950611e-02 
96 769 2.830700e+00 2.906167e-02 2.636236e-04 2.636236e-04 1.460687e-03 1.492968e-02 2.906167e-02 
97 777 2.396088e+00 2.760091e-02 2.544489e-04 2.544489e-04 1.426955e-03 1.436399e-02 2.760091e-02 
98 785 1.906331e+00 2.660442e-02 2.581120e-04 2.581120e-04 1.353269e-03 1.371139e-02 2.660442e-02 
99 793 1.598887e+00 2.653432e-02 2.455458e-04 2.455458e-04 1.282708e-03 1.350377e-02 2.653432e-02 
100 801 1.542766e+00 2.512592e-02 2.432394e-04 2.432394e-04 1.227068e-03 1.340780e-02 2.512592e-02 
101 809 1.526914e+00 2.502430e-02 2.344453e-04 2.344453e-04 1.178725e-03 1.351379e-02 2.502430e-02 
102 817 1.311659e+00 2.424235e-02 2.294028e-04 2.294028e-04 1.129550e-03 1.285112e-02 2.424235e-02 
103 825 1.086697e+00 2.296785e-02 2.215180e-04 2.215180e-04 1.090959e-03 1.220834e-02 2.296785e-02 
104 833 1.076845e+00 2.465358e-02 2.146016e-04 2.146016e-04 1.064288e-03 1.157848e-02 2.465358e-02 
105 841 1.537106e+00 2.830354e-02 2.091749e-04 2.091749e-04 1.045458e-03 1.180920e-02 2.830354e-02 
106 849 1.865082e+00 2.878315e-02 2.090831e-04 2.090831e-04 9.848546e-04 1.115468e-02 2.878315e-02 
107 857 2.081184e+00 2.867977e-02 2.095736e-04 2.095736e-04 9.427057e-04 1.084905e-02 2.867977e-02 
108 865 1.991751e+00 2.724410e-02 2.132863e-04 2.132863e-04 8.893741e-04 1.028434e-02 2.724410e-02 
109 873 1.995309e+00 2.730592e-02 2.057832e-04 2.057832e-04 8.418048e-04 1.040087e-02 2.730592e-02 
110 881 1.658361e+00 2.631191e-02 1.990746e-04 1.990746e-04 8.006332e-04 9.897131e-03 2.631191e-02 
111 889 1.650861e+00 2.511120e-02 1.960788e-04 1.960788e-04 8.227677e-04 9.516290e-03 2.511120e-02 
112 897 1.734337e+00 2.544163e-02 1.958278e-04 1.958278e-04 7.844791e-04 9.948997e-03 2.544163e-02 
113 905 1.744605e+00 2.431999e-02 2.013833e-04 2.013833e-04 7.595509e-04 1.019987e-02 2.431999e-02 
114 913 1.728459e+00 2.299412e-02 2.088722e-04 2.088722e-04 7.263497e-04 9.739919e-03 2.299412e-02 
115 921 2.043236e+00 2.255642e-02 2.250543e-04 2.250543e-04 7.004903e-04 1.047679e-02 2.255642e-02 
116 929 2.191824e+00 2.150485e-02 2.381373e-04 2.381373e-04 6.700637e-04 1.018645e-02 2.150485e-02 
117 937 2.276023e+00 2.070144e-02 2.507872e-04 2.507872e-04 6.308200e-04 9.604290e-03 2.070144e-02 
118 945 2.778196e+00 1.987207e-02 3.063311e-04 3.063311e-04 5.952643e-04 9.177427e-03 1.987207e-02 
119 953 2.920362e+00 1.900543e-02 3.172988e-04 3.172988e-04 5.631028e-04 8.741867e-03 1.900543e-02 
120 961 3.462208e+00 1.856270e-02 3.561477e-04 3.561477e-04 5.363962e-04 8.511978e-03 1.856270e-02 
121 969 4.381037e+00 1.990054e-02 3.856908e-04 3.856908e-04 5.219034e-04 8.038173e-03 1.990054e-02 
122 977 4.914208e+00 1.917116e-02 4.219842e-04 4.219842e-04 4.931516e-04 7.646117e-03 1.917116e-02 
123 985 6.906434e+00 1.928687e-02 4.460297e-04 4.460297e-04 4.854195e-04 7.467650e-03 1.928687e-02 
124 993 8.886570e+00 1.966936e-02 4.208695e-04 4.208695e-04 5.302120e-04 7.317222e-03 1.966936e-02 
125 1001 1.297750e+01 1.998069e-02 4.154376e-04 4.154376e-04 5.563530e-04 7.162994e-03 1.998069e-02 
126 1009 1.631511e+01 2.034871e-02 4.306855e-04 4.306855e-04 5.329441e-04 6.836576e-03 2.034871e-02 
127 1017 2.073788e+01 2.012852e-02 4.542734e-04 4.542734e-04 5.234288e-04 6.717004e-03 2.012852e-02 
128 1025 2.217990e+01 1.972978e-02 4.338731e-04 4.338731e-04 5.317288e-04 6.521509e-03 1.972978e-02 
129 1033 2.757272e+01 1.928409e-02 4.135566e-04 4.135566e-04 6.310126e-04 6.161965e-03 1.928409e-02 
130 1041 3.636288e+01 1.884316e-02 4.030861e-04 4.030861e-04 6.645764e-04 6.096074e-03 1.884316e-02 
131 1049 5.340290e+01 1.872474e-02 3.919715e-04 3.919715e-04 6.948899e-04 5.934523e-03 1.872474e-02 
132 1057 6.496766e+01 1.763551e-02 3.987090e-04 3.987090e-04 6.870479e-04 5.777861e-03 1.763551e-02 
133 1065 8.070582e+01 1.691632e-02 3.780499e-04 3.780499e-04 7.755175e-04 5.474776e-03 1.691632e-02 
134 1073 1.201279e+02 1.653646e-02 3.701485e-04 3.701485e-04 8.475199e-04 5.335271e-03 1.653646e-02 
135 1081 2.026005e+02 1.611179e-02 3.785084e-04 3.785084e-04 8.874213e-04 5.198297e-03 1.611179e-02 
136 1089 2.523830e+02 1.527741e-02 3.677142e-04 3.677142e-04 8.832329e-04 4.950915e-03 1.527741e-02 
137 1097 2.845854e+02 1.518202e-02 3.521842e-04 3.521842e-04 8.808830e-04 4.856918e-03 1.518202e-02 
138 1105 2.605709e+02 1.450127e-02 3.683445e-04 3.683445e-04 8.591181e-04 4.650742e-03 1.450127e-02 
139 1113 2.606230e+02 1.377291e-02 3.879958e-04 3.879958e-04 8.147206e-04 4.539825e-03 1.377291e-02 
140 1121 2.492342e+02 1.307920e-02 3.960102e-04 3.960102e-04 8.176169e-04 4.360708e-03 1.307920e-02 
141 1129 2.266539e+02 1.246231e-02 3.810607e-04 3.810607e-04 7.887793e-04 4.178990e-03 1.246231e-02 
142 1137 1.979485e+02 1.213313e-02 3.746046e-04 3.746046e-04 7.477919e-04 4.177771e-03 1.213313e-02 
143 1145 1.796254e+02 1.219736e-02 3.608571e-04 3.608571e-04 7.205321e-04 3.951506e-03 1.219736e-02 
144 1153 1.370222e+02 1.165635e-02 3.435486e-04 3.435486e-04 6.826258e-04 3.726500e-03 1.165635e-02 
145 1161 1.391463e+02 1.190375e-02 3.526714e-04 3.526714e-04 6.439054e-04 3.617244e-03 1.190375e-02 
146 1169 1.470181e+02 1.214702e-02 3.488102e-04 3.488102e-04 6.197481e-04 3.542950e-03 1.214702e-02 
147 1177 1.278189e+02 1.161851e-02 3.503779e-04 3.503779e-04 6.137430e-04 3.460781e-03 1.161851e-02 
148 1185 1.237739e+02 1.218619e-02 3.333058e-04 3.333058e-04 5.975064e-04 3.309873e-03 1.218619e-02 
149 1193 1.265402e+02 1.172775e-02 3.162640e-04 3.162640e-04 5.636387e-04 3.634588e-03 1.172775e-02 
150 1201 1.190757e+02 1.130380e-02 3.103636e-04 3.103636e-04 5.342284e-04 3.561636e-03 1.130380e-02 
151 1209 1.099805e+02 1.086159e-02 2.939586e-04 2.939586e-04 5.228100e-04 3.384496e-03 1.086159e-02 
152 1217 9.046098e+01 1.023990e-02 2.965136e-04 2.965136e-04 4.973653e-04 3.200953e-03 1.023990e-02 
153 1225 8.506729e+01 1.043593e-02 3.049689e-04 3.049689e-04 4.863732e-04 3.076962e-03 1.043593e-02 
154 1233 7.755729e+01 1.024848e-02 2.896244e-04 2.896244e-04 4.735492e-04 2.928854e-03 1.024848e-02 
155 1241 6.464146e+01 9.902076e-03 2.779766e-04 2.779766e-04 4.466197e-04 2.765867e-03 9.902076e-03 
156 1249 6.469789e+01 9.416364e-03 2.719299e-04 2.719299e-04 4.364445e-04 2.847183e-03 9.416364e-03 
157 1257 6.402781e+01 9.149085e-03 2.582591e-04 2.582591e-04 4.173611e-04 2.918361e-03 9.149085e-03 
158 1265 7.422987e+01 1.008667e-02 2.463524e-04 2.463524e-04 4.001285e-04 3.065802e-03 1.008667e-02 
159 1273 7.878219e+01 1.016945e-02 2.378993e-04 2.378993e-04 3.782219e-04 3.027430e-03 1.016945e-02 
160 1281 8.168587e+01 9.793411e-03 2.550637e-04 2.550637e-04 3.595877e-04 2.935059e-03 9.793411e-03 
161 1289 8.059215e+01 9.612969e-03 2.493341e-04 2.493341e-04 3.431492e-04 2.967239e-03 9.612969e-03 
162 1297 7.986125e+01 9.443810e-03 2.358178e-04 2.358178e-04 3.252578e-04 2.971841e-03 9.443810e-03 
163 1305 7.147605e+01 9.030136e-03 2.254580e-04 2.254580e-04 3.097516e-04 2.907621e-03 9.030136e-03 
164 1313 5.690873e+01 8.819163e-03 2.195430e-04 2.195430e-04 2.934299e-04 2.850170e-03 8.819163e-03 
165 1321 4.994495e+01 8.663356e-03 2.102817e-04 2.102817e-04 2.789436e-04 2.718055e-03 8.663356e-03 
166 1329 4.389696e+01 8.439860e-03 1.998500e-04 1.998500e-04 2.672002e-04 2.581282e-03 8.439860e-03 
167 1337 4.173490e+01 8.622746e-03 1.987115e-04 1.987115e-04 2.518832e-04 2.497881e-03 8.622746e-03 
168 1345 4.425288e+01 8.245638e-03 1.949877e-04 1.949877e-04 2.741209e-04 2.365423e-03 8.245638e-03 
169 1353 3.593171e+01 7.818086e-03 2.001406e-04 2.001406e-04 2.684631e-04 2.263503e-03 7.818086e-03 
170 1361 2.976341e+01 7.678869e-03 1.906652e-04 1.906652e-04 2.557459e-04 2.142794e-03 7.678869e-03 
171 1369 2.795192e+01 7.269957e-03 1.929116e-04 1.929116e-04 2.468622e-04 2.071062e-03 7.269957e-03 
172 1377 2.630096e+01 7.165986e-03 1.853518e-04 1.853518e-04 2.388346e-04 1.990209e-03 7.165986e-03 
173 1385 2.537638e+01 7.137602e-03 1.754227e-04 1.754227e-04 2.265444e-04 1.985534e-03 7.137602e-03 
174 1393 2.404261e+01 6.932100e-03 1.716816e-04 1.716816e-04 2.203474e-04 1.928805e-03 6.932100e-03 
175 1401 2.208881e+01 6.609716e-03 1.694077e-04 1.694077e-04 2.166272e-04 1.825837e-03 6.609716e-03 
176 1409 1.981346e+01 6.257699e-03 1.611873e-04 1.611873e-04 2.181272e-04 1.731072e-03 6.257699e-03 
177 1417 1.665097e+01 5.909338e-03 1.573879e-04 1.573879e-04 2.101358e-04 1.658164e-03 5.909338e-03 
178 1425 1.643560e+01 5.720400e-03 1.514676e-04 1.514676e-04 2.156594e-04 1.626762e-03 5.720400e-03 
179 1433 1.600920e+01 5.419749e-03 1.499772e-04 1.499772e-04 2.035295e-04 1.670927e-03 5.419749e-03 
180 1441 1.553149e+01 5.282389e-03 1.452944e-04 1.452944e-04 2.077026e-04 1.592216e-03 5.282389e-03 
181 1449 1.384795e+01 5.128622e-03 1.413698e-04 1.413698e-04 2.003765e-04 1.512869e-03 5.128622e-03 
182 1457 1.136725e+01 4.829263e-03 1.377630e-04 1.377630e-04 1.937216e-04 1.451042e-03 4.829263e-03 
183 1465 1.252152e+01 4.714017e-03 1.297706e-04 1.297706e-04 2.262964e-04 1.391235e-03 4.714017e-03 
184 1473 1.119686e+01 4.513150e-03 1.225990e-04 1.225990e-04 2.179668e-04 1.370361e-03 4.513150e-03 
185 1481 9.819180e+00 4.410320e-03 1.176620e-04 1.176620e-04 2.112273e-04 1.389391e-03 4.410320e-03 
186 1489 9.230356e+00 4.316566e-03 1.130056e-04 1.130056e-04 2.157800e-04 1.364792e-03 4.316566e-03 
187 1497 8.181499e+00 4.167100e-03 1.064766e-04 1.064766e-04 2.119047e-04 1.309380e-03 4.167100e-03 
188 1505 7.017307e+00 4.021482e-03 1.006446e-04 1.006446e-04 2.104602e-04 1.243287e-03 4.021482e-03 
189 1513 6.302253e+00 3.978385e-03 9.689284e-05 9.689284e-05 2.024434e-04 1.179559e-03 3.978385e-03 
190 1521 5.522630e+00 3.989474e-03 9.136023e-05 9.136023e-05 1.946386e-04 1.110937e-03 3.989474e-03 
191 1529 5.081236e+00 3.767481e-03 8.779922e-05 8.779922e-05 1.995829e-04 1.070532e-03 3.767481e-03 
192 1537 5.093643e+00 3.706093e-03 8.372789e-05 8.372789e-05 1.926260e-04 1.115419e-03 3.706093e-03 
193 1545 4.724811e+00 3.554728e-03 7.902606e-05 7.902606e-05 1.886142e-04 1.088940e-03 3.554728e-03 
194 1553 3.550572e+00 3.354836e-03 7.498723e-05 7.498723e-05 1.777516e-04 1.029203e-03 3.354836e-03 
195 1561 3.188593e+00 3.364066e-03 7.126015e-05 7.126015e-05 1.755576e-04 9.782131e-04 3.364066e-03 
196 1569 2.554252e+00 3.179152e-03 6.847343e-05 6.847343e-05 1.669719e-04 9.263095e-04 3.179152e-03 
197 1577 2.312901e+00 3.054171e-03 6.546592e-05 6.546592e-05 1.585186e-04 9.283729e-04 3.054171e-03 
198 1585 2.009042e+00 2.882120e-03 6.211941e-05 6.211941e-05 1.541648e-04 9.025347e-04 2.882120e-03 
199 1593 1.910943e+00 2.724085e-03 5.968577e-05 5.968577e-05 1.528757e-04 8.839798e-04 2.724085e-03 
200 1601 1.933183e+00 2.790651e-03 5.680210e-05 5.680210e-05 1.508945e-04 8.553734e-04 2.790651e-03 
201 1609 1.967755e+00 2.922796e-03 5.374462e-05 5.374462e-05 1.469303e-04 8.255440e-04 2.922796e-03 
202 1617 2.019335e+00 2.782611e-03 5.068636e-05 5.068636e-05 1.576824e-04 7.844103e-04 2.782611e-03 
203 1625 1.787016e+00 2.631587e-03 5.086557e-05 5.086557e-05 1.502362e-04 7.465709e-04 2.631587e-03 
204 1633 1.455795e+00 2.477506e-03 4.809376e-05 4.809376e-05 1.438323e-04 7.189434e-04 2.477506e-03 
205 1641 1.276405e+00 2.370265e-03 4.780301e-05 4.780301e-05 1.378340e-04 6.829323e-04 2.370265e-03 
206 1649 1.143872e+00 2.303837e-03 4.514087e-05 4.514087e-05 1.341056e-04 6.769698e-04 2.303837e-03 
207 1657 1.017305e+00 2.191801e-03 4.278373e-05 4.278373e-05 1.342619e-04 6.421807e-04 2.191801e-03 
208 1665 9.676172e-01 2.101671e-03 4.130779e-05 4.130779e-05 1.345214e-04 6.495416e-04 2.101671e-03 
209 1673 8.139744e-01 1.993991e-03 4.029682e-05 4.029682e-05 1.274077e-04 6.256140e-04 1.993991e-03 
210 1681 6.956196e-01 1.954038e-03 3.813143e-05 3.813143e-05 1.223825e-04 5.995122e-04 1.954038e-03 
211 1689 5.556659e-01 1.853136e-03 3.661878e-05 3.661878e-05 1.157178e-04 5.649776e-04 1.853136e-03 
212 1697 5.708541e-01 2.035875e-03 3.529788e-05 3.529788e-05 1.093440e-04 5.545930e-04 2.035875e-03 
213 1705 5.297464e-01 1.951527e-03 3.329476e-05 3.329476e-05 1.135450e-04 5.356062e-04 1.951527e-03 
214 1713 4.787568e-01 1.877745e-03 3.237312e-05 3.237312e-05 1.095313e-04 5.231256e-04 1.877745e-03 
215 1721 4.548023e-01 1.778463e-03 3.397323e-05 3.397323e-05 1.036132e-04 5.040572e-04 1.778463e-03 
216 1729 4.584107e-01 1.824771e-03 3.249983e-05 3.249983e-05 1.037161e-04 4.907840e-04 1.824771e-03 
217 1737 3.919124e-01 1.752132e-03 3.079654e-05 3.079654e-05 9.908425e-05 4.744415e-04 1.752132e-03 
218 1745 3.177067e-01 1.673325e-03 2.961187e-05 2.961187e-05 9.545850e-05 4.490970e-04 1.673325e-03 
219 1753 2.774371e-01 1.636692e-03 2.788210e-05 2.788210e-05 9.286932e-05 4.299122e-04 1.636692e-03 
220 1761 2.678812e-01 1.557488e-03 2.776184e-05 2.776184e-05 9.629551e-05 4.067354e-04 1.557488e-03 
221 1769 2.507320e-01 1.475270e-03 2.631051e-05 2.631051e-05 9.539606e-05 4.046638e-04 1.475270e-03 
222 1777 2.096541e-01 1.400011e-03 2.572561e-05 2.572561e-05 9.384946e-05 3.859434e-04 1.400011e-03 
223 1785 1.807308e-01 1.320812e-03 2.470966e-05 2.470966e-05 9.399402e-05 3.684635e-04 1.320812e-03 
224 1793 1.652728e-01 1.261270e-03 2.374208e-05 2.374208e-05 8.890018e-05 3.687256e-04 1.261270e-03 
225 1801 1.462829e-01 1.202769e-03 2.305131e-05 2.305131e-05 8.421805e-05 3.550981e-04 1.202769e-03 
226 1809 1.252930e-01 1.138133e-03 2.198559e-05 2.198559e-05 8.255935e-05 3.400089e-04 1.138133e-03 
227 1817 1.058668e-01 1.076570e-03 2.100797e-05 2.100797e-05 8.056255e-05 3.266059e-04 1.076570e-03 
228 1825 1.021097e-01 1.091000e-03 2.059495e-05 2.059495e-05 7.689038e-05 3.099525e-04 1.091000e-03 
229 1833 9.957568e-02 1.097691e-03 1.989616e-05 1.989616e-05 7.313681e-05 3.071186e-04 1.097691e-03 
230 1841 8.458437e-02 1.039708e-03 1.985917e-05 1.985917e-05 7.161276e-05 2.981964e-04 1.039708e-03 
231 1849 7.472820e-02 9.972817e-04 1.871313e-05 1.871313e-05 7.185581e-05 2.893463e-04 9.972817e-04 
232 1857 6.783659e-02 9.843344e-04 1.828304e-05 1.828304e-05 6.837203e-05 2.829342e-04 9.843344e-04 
233 1865 5.277312e-02 9.294343e-04 1.727100e-05 1.727100e-05 6.477898e-05 2.672437e-04 9.294343e-04 
234 1873 4.633305e-02 8.923341e-04 1.659754e-05 1.659754e-05 6.190609e-05 2.561632e-04 8.923341e-04 
235 1881 4.102585e-02 8.566181e-04 1.576037e-05 1.576037e-05 5.987154e-05 2.571685e-04 8.566181e-04 
236 1889 3.323962e-02 8.107878e-04 1.515230e-05 1.515230e-05 5.712752e-05 2.494957e-04 8.107878e-04 
237 1897 3.030148e-02 7.644235e-04 1.501902e-05 1.501902e-05 5.562092e-05 2.459733e-04 7.644235e-04 
238 1905 2.753284e-02 7.452420e-04 1.422174e-05 1.422174e-05 5.664653e-05 2.342421e-04 7.452420e-04 
239 1913 2.866048e-02 7.652725e-04 1.374507e-05 1.374507e-05 6.001354e-05 2.207977e-04 7.652725e-04 
240 1921 2.362593e-02 7.331473e-04 1.359095e-05 1.359095e-05 5.731249e-05 2.101138e-04 7.331473e-04 
241 1929 2.181251e-02 6.941999e-04 1.325125e-05 1.325125e-05 5.719461e-05 1.992744e-04 6.941999e-04 
242 1937 1.872046e-02 6.658824e-04 1.267993e-05 1.267993e-05 5.632638e-05 1.876741e-04 6.658824e-04 
243 1945 1.703788e-02 6.635703e-04 1.217049e-05 1.217049e-05 5.369599e-05 1.769341e-04 6.635703e-04 
244 1953 1.532983e-02 6.308267e-04 1.166133e-05 1.166133e-05 5.483794e-05 1.685008e-04 6.308267e-04 
245 1961 1.349880e-02 5.978873e-04 1.129729e-05 1.129729e-05 5.208375e-05 1.684516e-04 5.978873e-04 
246 1969 1.221397e-02 5.824011e-04 1.124288e-05 1.124288e-05 4.934747e-05 1.625364e-04 5.824011e-04 
247 1977 1.118478e-02 5.504146e-04 1.155006e-05 1.155006e-05 4.809345e-05 1.547050e-04 5.504146e-04 
248 1985 1.069036e-02 5.236964e-04 1.173680e-05 1.173680e-05 4.685899e-05 1.461512e-04 5.236964e-04 
249 1993 1.088917e-02 5.128549e-04 1.119598e-05 1.119598e-05 4.997025e-05 1.412847e-04 5.128549e-04 
250 2001 1.063092e-02 4.839106e-04 1.079528e-05 1.079528e-05 5.002337e-05 1.371753e-04 4.839106e-04 
251 2009 9.008506e-03 4.711263e-04 1.020587e-05 1.020587e-05 4.802498e-05 1.300177e-04 4.711263e-04 
252 2017 7.979671e-03 4.473284e-04 9.710951e-06 9.710951e-06 4.746206e-05 1.262237e-04 4.473284e-04 
253 2025 7.864449e-03 4.411530e-04 9.203514e-06 9.203514e-06 4.543176e-05 1.346173e-04 4.411530e-04 
254 2033 7.889263e-03 4.216549e-04 9.034827e-06 9.034827e-06 4.504987e-05 1.310076e-04 4.216549e-04 
255 2041 6.581378e-03 4.016108e-04 8.536976e-06 8.536976e-06 4.329029e-05 1.246565e-04 4.016108e-04 
256 2049 5.424482e-03 3.808242e-04 8.202805e-06 8.202805e-06 4.081287e-05 1.200481e-04 3.808242e-04 
257 2057 4.366994e-03 3.644186e-04 7.785531e-06 7.785531e-06 3.916604e-05 1.138148e-04 3.644186e-04 
258 2065 4.249711e-03 3.508388e-04 7.394532e-06 7.394532e-06 4.163179e-05 1.080278e-04 3.508388e-04 
259 2073 3.557047e-03 3.319587e-04 6.989423e-06 6.989423e-06 4.007923e-05 1.022875e-04 3.319587e-04 
260 2081 2.896851e-03 3.185820e-04 6.689991e-06 6.689991e-06 3.802242e-05 9.735924e-05 3.185820e-04 
261 2089 2.983595e-03 3.299613e-04 6.332392e-06 6.332392e-06 3.880614e-05 9.633354e-05 3.299613e-04 
262 2097 2.427739e-03 3.184742e-04 5.996945e-06 5.996945e-06 3.690676e-05 9.170333e-05 3.184742e-04 
263 2105 2.397207e-03 3.082888e-04 5.778866e-06 5.778866e-06 3.834091e-05 8.923833e-05 3.082888e-04 
264 2113 2.240172e-03 2.937705e-04 5.492960e-06 5.492960e-06 3.904450e-05 8.514880e-05 2.937705e-04 
265 2121 2.105956e-03 2.827719e-04 5.478682e-06 5.478682e-06 3.719183e-05 8.467611e-05 2.827719e-04 
266 2129 1.809490e-03 2.669208e-04 5.276572e-06 5.276572e-06 3.623014e-05 8.259556e-05 2.669208e-04 
267 2137 1.528994e-03 2.600153e-04 5.034592e-06 5.034592e-06 3.511922e-05 7.835012e-05 2.600153e-04 
268 2145 1.440779e-03 2.480434e-04 4.763882e-06 4.763882e-06 3.324754e-05 8.121864e-05 2.480434e-04 
269 2153 1.289365e-03 2.495777e-04 4.480113e-06 4.480113e-06 3.263228e-05 7.743007e-05 2.495777e-04 
270 2161 1.349436e-03 2.460331e-04 4.245880e-06 4.245880e-06 3.363527e-05 8.066382e-05 2.460331e-04 
271 2169 1.415048e-03 2.433727e-04 4.084263e-06 4.084263e-06 3.606304e-05 7.640431e-05 2.433727e-04 
272 2177 1.358490e-03 2.426742e-04 3.993010e-06 3.993010e-06 3.500565e-05 7.247485e-05 2.426742e-04 
273 2185 1.270935e-03 2.317917e-04 3.992432e-06 3.992432e-06 3.424433e-05 7.259045e-05 2.317917e-04 
274 2193 1.302858e-03 2.218344e-04 4.028714e-06 4.028714e-06 3.534965e-05 6.938144e-05 2.218344e-04 
275 2201 1.209195e-03 2.090843e-04 3.952382e-06 3.952382e-06 3.429797e-05 6.599084e-05 2.090843e-04 
276 2209 1.124307e-03 1.988365e-04 3.812497e-06 3.812497e-06 3.533591e-05 6.335140e-05 1.988365e-04 
277 2217 1.169655e-03 1.925586e-04 4.123209e-06 4.123209e-06 3.484990e-05 6.302803e-05 1.925586e-04 
278 2225 1.017962e-03 1.872149e-04 3.975081e-06 3.975081e-06 3.311630e-05 6.175599e-05 1.872149e-04 
279 2233 8.374078e-04 1.778690e-04 3.883136e-06 3.883136e-06 3.127391e-05 5.951503e-05 1.778690e-04 
1 2251 9.527738e+01 9.970550e-01 2.623425e-03 2.623425e-03 2.878749e-03 2.339081e-01 9.970550e-01 
2 2267 9.860073e+01 9.570965e-01 2.735915e-03 2.735915e-03 2.935953e-03 2.205884e-01 9.570965e-01 
3 2283 8.038492e+01 9.127271e-01 2.493542e-03 2.493542e-03 2.668903e-03 2.050135e-01 9.127271e-01 
4 2299 7.030080e+01 8.669897e-01 2.337550e-03 2.337550e-03 2.481575e-03 2.041583e-01 8.669897e-01 
5 2315 5.600378e+01 8.231045e-01 2.152533e-03 2.152533e-03 2.282153e-03 1.877763e-01 8.231045e-01 
6 2331 7.221511e+01 7.884105e-01 1.961818e-03 1.961818e-03 2.852689e-03 1.796720e-01 7.884105e-01 
7 2347 6.252755e+01 7.098113e-01 1.880766e-03 1.880766e-03 2.773920e-03 1.668037e-01 7.098113e-01 
8 2363 7.507902e+01 6.699075e-01 1.954482e-03 1.954482e-03 2.880021e-03 1.607467e-01 6.699075e-01 
9 2379 7.212500e+01 6.093642e-01 1.830182e-03 1.830182e-03 3.124941e-03 1.470988e-01 6.093642e-01 
10 2395 7.558032e+01 5.606185e-01 1.892968e-03 1.892968e-03 3.273120e-03 1.371682e-01 5.606185e-01 
11 2411 6.561099e+01 5.086702e-01 1.832218e-03 1.832218e-03 3.097158e-03 1.267779e-01 5.086702e-01 
12 2427 5.773969e+01 4.555302e-01 1.785006e-03 1.785006e-03 2.946591e-03 1.156170e-01 4.555302e-01 
13 2443 4.451072e+01 4.103731e-01 1.775977e-03 1.775977e-03 2.676514e-03 1.051130e-01 4.103731e-01 
14 2459 5.064602e+01 3.690251e-01 1.850121e-03 1.850121e-03 3.007150e-03 9.436365e-02 3.690251e-01 
15 2475 5.363340e+01 3.316714e-01 1.869954e-03 1.869954e-03 3.228129e-03 8.471414e-02 3.316714e-01 
16 2491 5.471454e+01 2.982316e-01 2.100092e-03 2.100092e-03 3.195965e-03 7.598111e-02 2.982316e-01 
17 2507 4.720210e+01 2.747541e-01 1.969792e-03 1.969792e-03 3.274286e-03 6.869617e-02 2.747541e-01 
18 2523 3.526864e+01 2.454334e-01 1.903568e-03 1.903568e-03 3.112190e-03 6.166690e-02 2.454334e-01 
19 2539 3.391145e+01 2.213741e-01 1.992502e-03 1.992502e-03 2.895840e-03 5.574736e-02 2.213741e-01 
20 2555 3.449056e+01 2.037846e-01 1.954543e-03 1.954543e-03 2.958243e-03 4.999041e-02 2.037846e-01 
21 2571 3.495778e+01 1.836421e-01 2.057242e-03 2.057242e-03 2.914229e-03 4.469646e-02 1.836421e-01 
22 2587 3.686551e+01 1.664706e-01 2.131779e-03 2.131779e-03 2.938032e-03 4.426335e-02 1.664706e-01 
23 2603 4.183788e+01 1.504457e-01 1.924118e-03 1.924118e-03 3.640862e-03 4.044818e-02 1.504457e-01 
24 2619 4.134864e+01 1.455760e-01 1.780613e-03 1.780613e-03 3.551482e-03 3.693438e-02 1.455760e-01 
25 2635 5.707980e+01 1.403737e-01 1.711199e-03 1.711199e-03 3.871393e-03 3.471881e-02 1.403737e-01 
26 2651 4.618694e+01 1.333955e-01 1.610262e-03 1.610262e-03 3.633469e-03 3.254670e-02 1.333955e-01 
27 2667 3.871565e+01 1.274874e-01 1.468943e-03 1.468943e-03 3.609970e-03 3.100576e-02 1.274874e-01 
28 2683 3.563809e+01 1.167806e-01 1.448828e-03 1.448828e-03 3.529151e-03 2.866401e-02 1.167806e-01 
29 2699 3.870164e+01 1.067806e-01 1.343395e-03 1.343395e-03 3.947317e-03 2.888958e-02 1.067806e-01 
30 2715 3.830999e+01 1.086833e-01 1.235189e-03 1.235189e-03 3.723489e-03 2.738443e-02 1.086833e-01 
31 2731 4.061062e+01 1.030981e-01 1.224602e-03 1.224602e-03 3.767312e-03 2.609562e-02 1.030981e-01 
32 2747 3.663797e+01 9.933058e-02 1.171797e-03 1.171797e-03 3.669177e-03 2.475608e-02 9.933058e-02 
33 2763 3.362187e+01 9.571085e-02 1.072437e-03 1.072437e-03 3.510053e-03 2.376817e-02 9.571085e-02 
34 2779 3.675499e+01 9.240701e-02 1.145082e-03 1.145082e-03 3.198167e-03 2.466439e-02 9.240701e-02 
35 2795 3.279418e+01 8.652704e-02 1.084254e-03 1.084254e-03 2.920159e-03 2.385997e-02 8.652704e-02 
36 2811 2.995302e+01 8.048472e-02 1.023109e-03 1.023109e-03 2.899996e-03 2.159331e-02 8.048472e-02 
37 2827 2.947610e+01 8.016066e-02 1.009553e-03 1.009553e-03 2.765464e-03 2.111368e-02 8.016066e-02 
38 2843 2.520688e+01 7.298664e-02 9.407285e-04 9.407285e-04 2.607421e-03 2.116201e-02 7.298664e-02 
39 2859 2.031169e+01 6.746570e-02 8.879436e-04 8.879436e-04 2.471556e-03 1.940732e-02 6.746570e-02 
40 2875 1.999710e+01 6.206079e-02 8.753459e-04 8.753459e-04 2.296739e-03 1.863686e-02 6.206079e-02 
41 2891 2.126857e+01 6.135944e-02 8.580037e-04 8.580037e-04 2.163135e-03 1.886832e-02 6.135944e-02 
42 2907 2.374597e+01 6.862101e-02 7.968273e-04 7.968273e-04 1.962711e-03 1.758950e-02 6.862101e-02 
43 2923 1.969939e+01 6.684096e-02 7.380072e-04 7.380072e-04 1.803546e-03 1.631208e-02 6.684096e-02 
44 2939 1.608735e+01 6.063339e-02 6.797269e-04 6.797269e-04 1.697871e-03 1.524817e-02 6.063339e-02 
45 2955 1.614367e+01 5.716744e-02 6.684760e-04 6.684760e-04 1.604674e-03 1.539479e-02 5.716744e-02 
46 2971 1.411004e+01 5.319938e-02 6.232095e-04 6.232095e-04 1.580455e-03 1.527293e-02 5.319938e-02 
47 2987 1.298724e+01 4.978468e-02 6.067834e-04 6.067834e-04 1.501354e-03 1.405492e-02 4.978468e-02 
48 3003 1.105236e+01 4.606546e-02 5.516629e-04 5.516629e-04 1.448083e-03 1.280757e-02 4.606546e-02 
49 3019 9.634684e+00 4.215628e-02 4.954770e-04 4.954770e-04 1.385431e-03 1.187782e-02 4.215628e-02 
50 3035 1.010018e+01 4.193900e-02 4.475079e-04 4.475079e-04 1.456423e-03 1.112374e-02 4.193900e-02 
51 3051 9.004969e+00 3.889764e-02 4.066665e-04 4.066665e-04 1.420720e-03 1.055622e-02 3.889764e-02 
52 3067 7.600980e+00 3.650402e-02 3.653225e-04 3.653225e-04 1.394836e-03 9.993857e-03 3.650402e-02 
53 3083 7.605739e+00 3.380756e-02 3.426809e-04 3.426809e-04 1.450137e-03 9.241435e-03 3.380756e-02 
54 3099 7.373904e+00 3.137563e-02 3.114806e-04 3.114806e-04 1.502827e-03 8.358147e-03 3.137563e-02 
55 3115 5.702321e+00 2.869856e-02 2.837638e-04 2.837638e-04 1.449272e-03 7.620374e-03 2.869856e-02 
56 3131 5.150860e+00 2.602483e-02 2.658006e-04 2.658006e-04 1.444025e-03 7.165175e-03 2.602483e-02 
57 3147 4.484059e+00 2.425616e-02 2.439470e-04 2.439470e-04 1.490221e-03 6.837760e-03 2.425616e-02 
58 3163 3.989288e+00 2.188462e-02 2.223067e-04 2.223067e-04 1.600939e-03 6.221223e-03 2.188462e-02 
59 3179 4.031544e+00 2.069702e-02 2.044594e-04 2.044594e-04 1.653107e-03 6.479078e-03 2.069702e-02 
60 3195 4.361635e+00 1.877306e-02 1.862352e-04 1.862352e-04 1.963629e-03 6.078641e-03 1.877306e-02 
61 3211 4.332084e+00 1.774424e-02 1.708083e-04 1.708083e-04 2.117078e-03 5.711325e-03 1.774424e-02 
62 3227 4.107508e+00 1.636824e-02 1.550548e-04 1.550548e-04 2.254376e-03 5.227261e-03 1.636824e-02 
63 3243 4.422230e+00 1.622973e-02 1.407768e-04 1.407768e-04 2.410417e-03 4.693631e-03 1.622973e-02 
64 3259 3.625291e+00 1.530532e-02 1.308816e-04 1.308816e-04 2.279969e-03 4.245320e-03 1.530532e-02 
65 3275 3.009040e+00 1.411959e-02 1.194414e-04 1.194414e-04 2.221720e-03 3.875391e-03 1.411959e-02 
66 3291 2.486450e+00 1.277125e-02 1.078359e-04 1.078359e-04 2.264193e-03 3.643297e-03 1.277125e-02 
67 3307 2.147692e+00 1.167661e-02 9.814870e-05 9.814870e-05 2.152718e-03 3.491755e-03 1.167661e-02 
68 3323 1.922156e+00 1.078366e-02 9.398386e-05 9.398386e-05 1.969033e-03 3.216835e-03 1.078366e-02 
69 3339 1.610732e+00 1.021494e-02 8.573107e-05 8.573107e-05 1.813317e-03 2.964348e-03 1.021494e-02 
70 3355 1.610175e+00 9.535445e-03 8.268256e-05 8.268256e-05 1.738587e-03 2.730793e-03 9.535445e-03 
71 3371 1.321247e+00 8.703910e-03 7.528154e-05 7.528154e-05 1.604265e-03 2.491118e-03 8.703910e-03 
72 3387 1.129699e+00 7.865450e-03 6.849601e-05 6.849601e-05 1.523394e-03 2.390256e-03 7.865450e-03 
73 3403 9.947755e-01 7.339726e-03 6.244955e-05 6.244955e-05 1.473893e-03 2.253199e-03 7.339726e-03 
74 3419 8.236711e-01 6.764159e-03 5.645988e-05 5.645988e-05 1.408162e-03 2.122423e-03 6.764159e-03 
75 3435 6.828659e-01 6.111174e-03 5.200374e-05 5.200374e-05 1.390851e-03 1.909981e-03 6.111174e-03 
76 3451 5.510640e-01 5.724694e-03 4.703967e-05 4.703967e-05 1.268013e-03 1.765590e-03 5.724694e-03 
77 3467 4.543713e-01 5.340918e-03 4.251475e-05 4.251475e-05 1.162152e-03 1.589207e-03 5.340918e-03 
78 3483 4.017695e-01 4.909753e-03 3.891757e-05 3.891757e-05 1.071208e-03 1.507940e-03 4.909753e-03 
79 3499 3.606931e-01 4.466719e-03 3.745649e-05 3.745649e-05 1.012005e-03 1.402019e-03 4.466719e-03 
80 3515 3.716572e-01 4.112084e-03 3.462034e-05 3.462034e-05 1.099943e-03 1.295849e-03 4.112084e-03 
81 3531 3.445450e-01 3.763654e-03 3.341147e-05 3.341147e-05 1.031377e-03 1.298959e-03 3.763654e-03 
82 3547 2.636098e-01 3.464221e-03 3.041861e-05 3.041861e-05 9.432110e-04 1.191645e-03 3.464221e-03 
83 3563 2.380211e-01 3.171390e-03 2.903690e-05 2.903690e-05 8.870449e-04 1.142596e-03 3.171390e-03 
84 3579 1.828687e-01 2.974551e-03 2.614039e-05 2.614039e-05 8.160225e-04 1.049869e-03 2.974551e-03 
85 3595 1.924749e-01 2.705214e-03 2.468883e-05 2.468883e-05 7.627205e-04 1.109543e-03 2.705214e-03 
86 3611 2.128366e-01 2.552892e-03 2.239340e-05 2.239340e-05 7.003407e-04 1.249555e-03 2.552892e-03 
87 3627 1.762407e-01 2.358387e-03 2.061855e-05 2.061855e-05 6.447892e-04 1.228232e-03 2.358387e-03 
88 3643 1.497147e-01 2.218564e-03 1.892887e-05 1.892887e-05 5.957018e-04 1.166157e-03 2.218564e-03 
89 3659 1.167140e-01 1.988941e-03 1.730375e-05 1.730375e-05 5.430181e-04 1.092522e-03 1.988941e-03 
90 3675 8.669599e-02 1.802792e-03 1.581371e-05 1.581371e-05 5.091764e-04 1.023933e-03 1.802792e-03 
91 3691 8.206698e-02 1.768350e-03 1.483336e-05 1.483336e-05 4.540709e-04 9.642101e-04 1.768350e-03 
92 3707 8.021762e-02 1.673642e-03 1.410802e-05 1.410802e-05 4.477731e-04 9.447517e-04 1.673642e-03 
93 3723 6.294826e-02 1.545862e-03 1.334602e-05 1.334602e-05 4.169201e-04 8.685309e-04 1.545862e-03 
94 3739 5.716949e-02 1.429468e-03 1.228555e-05 1.228555e-05 3.788193e-04 8.673027e-04 1.429468e-03 
95 3755 4.533385e-02 1.301459e-03 1.121792e-05 1.121792e-05 3.611011e-04 7.925110e-04 1.301459e-03 
96 3771 4.082764e-02 1.256266e-03 1.033881e-05 1.033881e-05 3.289552e-04 7.731136e-04 1.256266e-03 
97 3787 3.429196e-02 1.226657e-03 9.538568e-06 9.538568e-06 2.968369e-04 7.004896e-04 1.226657e-03 
98 3803 2.775818e-02 1.127809e-03 8.740802e-06 8.740802e-06 2.726304e-04 6.511141e-04 1.127809e-03 
99 3819 2.490812e-02 1.028706e-03 8.114913e-06 8.114913e-06 2.524998e-04 6.569242e-04 1.028706e-03 
100 3835 2.277863e-02 9.888262e-04 7.628517e-06 7.628517e-06 2.365733e-04 6.219481e-04 9.888262e-04 
101 3851 2.054024e-02 9.279784e-04 6.894208e-06 6.894208e-06 2.272786e-04 6.139378e-04 9.279784e-04 
102 3867 2.060119e-02 8.927888e-04 6.250317e-06 6.250317e-06 2.175071e-04 6.023699e-04 8.927888e-04 
103 3883 2.096472e-02 8.518068e-04 5.882434e-06 5.882434e-06 2.106311e-04 6.373572e-04 8.518068e-04 
104 3899 1.623410e-02 7.760518e-04 5.447882e-06 5.447882e-06 1.905780e-04 6.011310e-04 7.760518e-04 
105 3915 1.353900e-02 7.297507e-04 4.980463e-06 4.980463e-06 1.743455e-04 5.550927e-04 7.297507e-04 
106 3931 1.065063e-02 6.806432e-04 4.491548e-06 4.491548e-06 1.610104e-04 5.776347e-04 6.806432e-04 
107 3947 8.819487e-03 6.130107e-04 4.147101e-06 4.147101e-06 1.479947e-04 5.520968e-04 6.130107e-04 
108 3963 7.852801e-03 6.138393e-04 3.795831e-06 3.795831e-06 1.375206e-04 5.139896e-04 6.138393e-04 
109 3979 6.672456e-03 5.798093e-04 3.472396e-06 3.472396e-06 1.266524e-04 4.842692e-04 5.798093e-04 
110 3995 6.993961e-03 5.995450e-04 3.170089e-06 3.170089e-06 1.233506e-04 4.379119e-04 5.995450e-04 
111 4011 5.433561e-03 5.482169e-04 2.921797e-06 2.921797e-06 1.136443e-04 3.981956e-04 5.482169e-04 
112 4027 5.409939e-03 4.923448e-04 2.687793e-06 2.687793e-06 1.093327e-04 3.992000e-04 4.923448e-04 
113 4043 4.274648e-03 4.677687e-04 2.575905e-06 2.575905e-06 1.000105e-04 3.738577e-04 4.677687e-04 
114 4059 3.652448e-03 4.252255e-04 2.355224e-06 2.355224e-06 9.082581e-05 3.449011e-04 4.252255e-04 
115 4075 3.444284e-03 4.367884e-04 2.148431e-06 2.148431e-06 8.159064e-05 3.211842e-04 4.367884e-04 
116 4091 3.258400e-03 4.249470e-04 2.014063e-06 2.014063e-06 7.850229e-05 3.075791e-04 4.249470e-04 
117 4107 3.007808e-03 4.348551e-04 1.837398e-06 1.837398e-06 7.190324e-05 2.933126e-04 4.348551e-04 
118 4123 3.819648e-03 5.531127e-04 1.699874e-06 1.699874e-06 6.493223e-05 2.704576e-04 5.531127e-04 
119 4139 3.457799e-03 6.043322e-04 1.599978e-06 1.599978e-06 6.322682e-05 2.497747e-04 6.043322e-04 
120 4155 2.909771e-03 5.791314e-04 1.506575e-06 1.506575e-06 5.746040e-05 2.259129e-04 5.791314e-04 
121 4171 2.321460e-03 5.630086e-04 1.390583e-06 1.390583e-06 5.515545e-05 2.130288e-04 5.630086e-04 
122 4187 2.237318e-03 5.559386e-04 1.329148e-06 1.329148e-06 5.154051e-05 2.022898e-04 5.559386e-04 
123 4203 2.206653e-03 5.653639e-04 1.324117e-06 1.324117e-06 4.870070e-05 1.829200e-04 5.653639e-04 
124 4219 2.692268e-03 5.213163e-04 1.318574e-06 1.318574e-06 4.907186e-05 1.900433e-04 5.213163e-04 
125 4235 2.361239e-03 5.455444e-04 1.278237e-06 1.278237e-06 4.634415e-05 1.786958e-04 5.455444e-04 
126 4251 1.879317e-03 5.258947e-04 1.191822e-06 1.191822e-06 4.202647e-05 1.625684e-04 5.258947e-04 
127 4267 1.853518e-03 4.981227e-04 1.135515e-06 1.135515e-06 3.963610e-05 1.723258e-04 4.981227e-04 
128 4283 1.572003e-03 4.771329e-04 1.110496e-06 1.110496e-06 3.599224e-05 1.587888e-04 4.771329e-04 
129 4299 1.703050e-03 4.854209e-04 1.054711e-06 1.054711e-06 3.725247e-05 1.500153e-04 4.854209e-04 
130 4315 1.739785e-03 4.728731e-04 1.038760e-06 1.038760e-06 3.540769e-05 1.517843e-04 4.728731e-04 
131 4331 1.621212e-03 4.566106e-04 9.839737e-07 9.839737e-07 3.507926e-05 1.446813e-04 4.566106e-04 
1 4365 1.081928e+02 1.196988e+00 2.536909e-03 2.536909e-03 2.980708e-03 2.259088e-01 1.196988e+00 
2 4397 1.243060e+02 1.163324e+00 2.299207e-03 2.299207e-03 3.542318e-03 2.003401e-01 1.163324e+00 
3 4429 1.343259e+02 1.170715e+00 2.330431e-03 2.330431e-03 3.215045e-03 1.678835e-01 1.170715e+00 
4 4461 1.350183e+02 1.146431e+00 1.996499e-03 1.996499e-03 3.187535e-03 1.351257e-01 1.146431e+00 
5 4493 1.405967e+02 1.245199e+00 2.528954e-03 2.528954e-03 3.229709e-03 1.183267e-01 1.245199e+00 
6 4525 1.471622e+02 1.189917e+00 2.423805e-03 2.423805e-03 3.255360e-03 1.035869e-01 1.189917e+00 
7 4557 1.426265e+02 1.227346e+00 2.022203e-03 2.022203e-03 2.828500e-03 9.167112e-02 1.227346e+00 
8 4589 1.364057e+02 1.167247e+00 1.813860e-03 1.813860e-03 2.538183e-03 8.299117e-02 1.167247e+00 
9 4621 1.255288e+02 1.003254e+00 1.813467e-03 1.813467e-03 2.441021e-03 7.135036e-02 1.003254e+00 
10 4653 1.317053e+02 9.089915e-01 1.860993e-03 1.860993e-03 2.291809e-03 6.168881e-02 9.089915e-01 
11 4685 1.228862e+02 7.953810e-01 1.810387e-03 1.810387e-03 2.045741e-03 5.159593e-02 7.953810e-01 
12 4717 1.349706e+02 7.220871e-01 1.703149e-03 1.703149e-03 2.180975e-03 4.695623e-02 7.220871e-01 
13 4749 1.300484e+02 6.167737e-01 1.658400e-03 1.658400e-03 1.928873e-03 4.416708e-02 6.167737e-01 
14 4781 1.151994e+02 5.540963e-01 1.523770e-03 1.523770e-03 1.641557e-03 3.992637e-02 5.540963e-01 
15 4813 1.053766e+02 4.992945e-01 1.393789e-03 1.393789e-03 1.710995e-03 3.657796e-02 4.992945e-01 
16 4845 1.021493e+02 4.653812e-01 1.212313e-03 1.212313e-03 1.474668e-03 3.551404e-02 4.653812e-01 
17 4877 1.030853e+02 4.049603e-01 1.213166e-03 1.213166e-03 1.278569e-03 3.414976e-02 4.049603e-01 
18 4909 9.958828e+01 3.366288e-01 1.173197e-03 1.173197e-03 1.279592e-03 3.172181e-02 3.366288e-01 
19 4941 8.888126e+01 2.709075e-01 1.071034e-03 1.071034e-03 1.397470e-03 2.713187e-02 2.709075e-01 
20 4973 8.234948e+01 2.179877e-01 1.159434e-03 1.159434e-03 1.599163e-03 2.374043e-02 2.179877e-01 
21 5005 7.715619e+01 1.755066e-01 1.061463e-03 1.061463e-03 1.530480e-03 2.264643e-02 1.755066e-01 
22 5037 6.812213e+01 1.497782e-01 9.792791e-04 9.792791e-04 1.545364e-03 2.033421e-02 1.497782e-01 
23 5069 7.316363e+01 1.302828e-01 9.463915e-04 9.463915e-04 1.662756e-03 2.011946e-02 1.302828e-01 
24 5101 8.385306e+01 1.099162e-01 1.011198e-03 1.011198e-03 1.597939e-03 1.833695e-02 1.099162e-01 
25 5133 9.502449e+01 9.075014e-02 1.001767e-03 1.001767e-03 1.506838e-03 1.533673e-02 9.075014e-02 
26 5165 9.175518e+01 8.129006e-02 9.638379e-04 9.638379e-04 1.281680e-03 1.321548e-02 8.129006e-02 
27 5197 9.242296e+01 6.946095e-02 8.947377e-04 8.947377e-04 1.140957e-03 1.151264e-02 6.946095e-02 
28 5229 8.372950e+01 5.709329e-02 7.811349e-04 7.811349e-04 9.979794e-04 1.059438e-02 5.709329e-02 
29 5261 7.733590e+01 4.638405e-02 7.540296e-04 7.540296e-04 8.508539e-04 9.613379e-03 4.638405e-02 
30 5293 6.466184e+01 3.877217e-02 6.407026e-04 6.407026e-04 8.869502e-04 8.471496e-03 3.877217e-02 
31 5325 6.149243e+01 3.231160e-02 5.631515e-04 5.631515e-04 8.711121e-04 7.101166e-03 3.231160e-02 
32 5357 6.283790e+01 2.647905e-02 5.578161e-04 5.578161e-04 8.380230e-04 6.461763e-03 2.647905e-02 
33 5389 5.747687e+01 2.387993e-02 4.681719e-04 4.681719e-04 7.913493e-04 5.474220e-03 2.387993e-02 
34 5421 5.309259e+01 2.039871e-02 3.873124e-04 3.873124e-04 7.790300e-04 4.611907e-03 2.039871e-02 
35 5453 5.186645e+01 1.745195e-02 3.157294e-04 3.157294e-04 7.932629e-04 3.955459e-03 1.745195e-02 
36 5485 4.180875e+01 1.459126e-02 2.627625e-04 2.627625e-04 6.778916e-04 3.384279e-03 1.459126e-02 
37 5517 3.876464e+01 1.218696e-02 2.160656e-04 2.160656e-04 6.738983e-04 2.902460e-03 1.218696e-02 
38 5549 3.786448e+01 1.071653e-02 1.789849e-04 1.789849e-04 7.398604e-04 2.689058e-03 1.071653e-02 
39 5581 4.304518e+01 9.337892e-03 1.485866e-04 1.485866e-04 9.208514e-04 2.391166e-03 9.337892e-03 
40 5613 5.077123e+01 8.070911e-03 1.206589e-04 1.206589e-04 1.069617e-03 2.063535e-03 8.070911e-03 
41 5645 4.347369e+01 6.681603e-03 1.005397e-04 1.005397e-04 9.998103e-04 1.751409e-03 6.681603e-03 
42 5677 3.846408e+01 5.632528e-03 8.566316e-05 8.566316e-05 9.299581e-04 1.499503e-03 5.632528e-03 
43 5709 3.328266e+01 4.854155e-03 6.954567e-05 6.954567e-05 1.015406e-03 1.375122e-03 4.854155e-03 
44 5741 2.795417e+01 4.107440e-03 5.802616e-05 5.802616e-05 9.012914e-04 1.177781e-03 4.107440e-03 
45 5773 2.732593e+01 3.639298e-03 4.991634e-05 4.991634e-05 8.875537e-04 1.082372e-03 3.639298e-03 
46 5805 2.391698e+01 3.221516e-03 4.054395e-05 4.054395e-05 7.989076e-04 9.360886e-04 3.221516e-03 
47 5837 2.344578e+01 2.726109e-03 3.373134e-05 3.373134e-05 7.439611e-04 9.012186e-04 2.726109e-03 
48 5869 1.980668e+01 2.348224e-03 2.788592e-05 2.788592e-05 6.207599e-04 8.339213e-04 2.348224e-03 
49 5901 1.683155e+01 2.037533e-03 2.305773e-05 2.305773e-05 5.122709e-04 7.209367e-04 2.037533e-03 
50 5933 1.634983e+01 1.789012e-03 2.064465e-05 2.064465e-05 4.532936e-04 7.094994e-04 1.789012e-03 
51 5965 1.371303e+01 1.491036e-03 1.746354e-05 1.746354e-05 3.971890e-04 6.413759e-04 1.491036e-03 
52 5997 1.353375e+01 1.369627e-03 1.427236e-05 1.427236e-05 3.457737e-04 6.500090e-04 1.369627e-03 
53 6029 1.372478e+01 1.177775e-03 1.239090e-05 1.239090e-05 2.894373e-04 6.969553e-04 1.177775e-03 
54 6061 1.229462e+01 1.041293e-03 1.060757e-05 1.060757e-05 2.565790e-04 7.540501e-04 1.041293e-03 
55 6093 1.284173e+01 8.800291e-04 9.386497e-06 9.386497e-06 2.583863e-04 7.034715e-04 8.800291e-04 
56 6125 1.171962e+01 7.861522e-04 8.149352e-06 8.149352e-06 2.155933e-04 7.246740e-04 7.861522e-04 
57 6157 1.012840e+01 7.582106e-04 6.766366e-06 6.766366e-06 1.855493e-04 6.215784e-04 7.582106e-04 
58 6189 8.531249e+00 7.560242e-04 5.602991e-06 5.602991e-06 1.525346e-04 5.432189e-04 7.560242e-04 
59 6221 7.297972e+00 7.462875e-04 4.610884e-06 4.610884e-06 1.285899e-04 4.607115e-04 7.462875e-04 
60 6253 5.912298e+00 7.643440e-04 4.124772e-06 4.124772e-06 1.099318e-04 3.873629e-04 7.643440e-04 
61 6285 5.831803e+00 7.716120e-04 3.680852e-06 3.680852e-06 9.403280e-05 3.457544e-04 7.716120e-04 
62 6317 6.480024e+00 9.151737e-04 3.242491e-06 3.242491e-06 8.415983e-05 3.011585e-04 9.151737e-04 
63 6349 5.507009e+00 1.043914e-03 2.797907e-06 2.797907e-06 7.222288e-05 2.486384e-04 1.043914e-03 
64 6381 4.593782e+00 9.847592e-04 2.319557e-06 2.319557e-06 6.030970e-05 2.124964e-04 9.847592e-04 
65 6413 3.756849e+00 9.784472e-04 1.898746e-06 1.898746e-06 5.086876e-05 1.756321e-04 9.784472e-04 
66 6445 3.209207e+00 9.269761e-04 1.628757e-06 1.628757e-06 4.372314e-05 1.534822e-04 9.269761e-04 
67 6477 3.266845e+00 1.000365e-03 1.334714e-06 1.334714e-06 3.642705e-05 1.252015e-04 1.000365e-03 
68 6509 3.143626e+00 1.052019e-03 1.136304e-06 1.136304e-06 3.091207e-05 1.098290e-04 1.052019e-03 
69 6541 2.500304e+00 1.007531e-03 9.340654e-07 9.340654e-07 2.555339e-05 9.341807e-05 1.007531e-03 
70 6573 2.191326e+00 1.013330e-03 7.855784e-07 7.855784e-07 2.118241e-05 7.720894e-05 1.013330e-03 
71 6605 1.933800e+00 9.751153e-04 6.603748e-07 6.603748e-07 1.729809e-05 6.685561e-05 9.751153e-04 
72 6637 1.591847e+00 9.452349e-04 5.467931e-07 5.467931e-07 1.421441e-05 5.744291e-05 9.452349e-04 
73 6669 1.321390e+00 8.419656e-04 4.589535e-07 4.589535e-07 1.256873e-05 4.755915e-05 8.419656e-04 
74 6701 1.120063e+00 7.329343e-04 3.972339e-07 3.972339e-07 1.111661e-05 3.978975e-05 7.329343e-04 
75 6733 9.339209e-01 7.053621e-04 3.395332e-07 3.395332e-07 9.548148e-06 3.320929e-05 7.053621e-04 
76 6765 8.635161e-01 7.663999e-04 3.024495e-07 3.024495e-07 8.073790e-06 2.773019e-05 7.663999e-04 
77 6797 7.580259e-01 7.507210e-04 2.618486e-07 2.618486e-07 6.837740e-06 2.402685e-05 7.507210e-04 
78 6829 6.578660e-01 6.893500e-04 2.187483e-07 2.187483e-07 5.858737e-06 2.116639e-05 6.893500e-04 
79 6861 5.217871e-01 6.503959e-04 1.814538e-07 1.814538e-07 4.778426e-06 1.746071e-05 6.503959e-04 
80 6893 5.371863e-01 7.246957e-04 1.481713e-07 1.481713e-07 3.923781e-06 1.445930e-05 7.246957e-04 
81 6925 4.430967e-01 6.988586e-04 1.265790e-07 1.265790e-07 3.271867e-06 1.187764e-05 6.988586e-04 
82 6957 3.527103e-01 5.968074e-04 1.094780e-07 1.094780e-07 2.797007e-06 9.886650e-06 5.968074e-04 
83 6989 3.045387e-01 5.284678e-04 9.112995e-08 9.112995e-08 2.369442e-06 8.210381e-06 5.284678e-04 
84 7021 2.771880e-01 5.675264e-04 7.543507e-08 7.543507e-08 1.933201e-06 7.241548e-06 5.675264e-04 
85 7053 2.470623e-01 5.249092e-04 6.279585e-08 6.279585e-08 1.680669e-06 6.216784e-06 5.249092e-04 
86 7085 2.135297e-01 4.613176e-04 5.258720e-08 5.258720e-08 1.387092e-06 5.207432e-06 4.613176e-04 
87 7117 2.443388e-01 5.868686e-04 4.496307e-08 4.496307e-08 1.173146e-06 4.620316e-06 5.868686e-04 
88 7149 1.957489e-01 5.233174e-04 3.805836e-08 3.805836e-08 9.989470e-07 3.911995e-06 5.233174e-04 
89 7181 1.821167e-01 4.707728e-04 3.362003e-08 3.362003e-08 8.643558e-07 3.444805e-06 4.707728e-04 
90 7213 1.652331e-01 4.167700e-04 2.787634e-08 2.787634e-08 8.004217e-07 2.926160e-06 4.167700e-04 
91 7245 1.911816e-01 5.401069e-04 2.405212e-08 2.405212e-08 6.983415e-07 2.558547e-06 5.401069e-04 
92 7277 1.831044e-01 5.583792e-04 2.001013e-08 2.001013e-08 6.624815e-07 2.089184e-06 5.583792e-04 
93 7309 1.757645e-01 5.367544e-04 1.763225e-08 1.763225e-08 6.126743e-07 1.783428e-06 5.367544e-04 
94 7341 1.761044e-01 4.811517e-04 1.748805e-08 1.748805e-08 5.769845e-07 1.637758e-06 4.811517e-04 
95 7373 1.775105e-01 4.637977e-04 1.678815e-08 1.678815e-08 5.167604e-07 1.517986e-06 4.637977e-04 
96 7405 1.911543e-01 4.934435e-04 1.563279e-08 1.563279e-08 4.563655e-07 1.344891e-06 4.934435e-04 
1 7471 1.096592e+02 7.989470e-01 2.442976e-03 2.442976e-03 2.802694e-03 2.091275e-01 7.989470e-01 
2 7535 1.102146e+02 5.918647e-01 2.003753e-03 2.003753e-03 2.095799e-03 1.639852e-01 5.918647e-01 
3 7599 1.283556e+02 5.358805e-01 1.621117e-03 1.621117e-03 2.658489e-03 1.313650e-01 5.358805e-01 
4 7663 1.545518e+02 4.252485e-01 1.608508e-03 1.608508e-03 2.773846e-03 9.803930e-02 4.252485e-01 
5 7727 1.568923e+02 3.436303e-01 1.448335e-03 1.448335e-03 2.648639e-03 7.156000e-02 3.436303e-01 
6 7791 1.626779e+02 2.389023e-01 1.269715e-03 1.269715e-03 2.404710e-03 5.289486e-02 2.389023e-01 
7 7855 1.504571e+02 1.763822e-01 1.161097e-03 1.161097e-03 2.114699e-03 4.204571e-02 1.763822e-01 
8 7919 1.590388e+02 1.179028e-01 1.164307e-03 1.164307e-03 2.077300e-03 3.011983e-02 1.179028e-01 
9 7983 1.531858e+02 8.285921e-02 1.176942e-03 1.176942e-03 1.826321e-03 2.241025e-02 8.285921e-02 
10 8047 1.522128e+02 6.032871e-02 8.807172e-04 8.807172e-04 1.837155e-03 1.540136e-02 6.032871e-02 
11 8111 1.671178e+02 4.364169e-02 7.044813e-04 7.044813e-04 1.738451e-03 1.054574e-02 4.364169e-02 
12 8175 1.827399e+02 3.574998e-02 7.865465e-04 7.865465e-04 1.406467e-03 7.942411e-03 3.574998e-02 
13 8239 1.737635e+02 2.751633e-02 7.095368e-04 7.095368e-04 1.162431e-03 6.241779e-03 2.751633e-02 
14 8303 1.747752e+02 2.015590e-02 6.471814e-04 6.471814e-04 1.032893e-03 5.059909e-03 2.015590e-02 
15 8367 1.990690e+02 1.512575e-02 6.096361e-04 6.096361e-04 1.165677e-03 4.508076e-03 1.512575e-02 
16 8431 1.677994e+02 1.380710e-02 4.643962e-04 4.643962e-04 9.541763e-04 4.417386e-03 1.380710e-02 
17 8495 1.717116e+02 1.316548e-02 3.639341e-04 3.639341e-04 9.362384e-04 3.797974e-03 1.316548e-02 
18 8559 2.017026e+02 1.381335e-02 2.556542e-04 2.556542e-04 1.080087e-03 3.317287e-03 1.381335e-02 
19 8623 2.034692e+02 1.047787e-02 1.971375e-04 1.971375e-04 1.054534e-03 2.724708e-03 1.047787e-02 
20 8687 1.984669e+02 7.753867e-03 1.571123e-04 1.571123e-04 8.497866e-04 2.173819e-03 7.753867e-03 
21 8751 1.956381e+02 5.767300e-03 1.192568e-04 1.192568e-04 8.202572e-04 1.852441e-03 5.767300e-03 
22 8815 1.891866e+02 4.195016e-03 9.301668e-05 9.301668e-05 7.253320e-04 1.318918e-03 4.195016e-03 
23 8879 1.666190e+02 3.189609e-03 6.719474e-05 6.719474e-05 6.165472e-04 9.657134e-04 3.189609e-03 
24 8943 1.780187e+02 2.570816e-03 6.044901e-05 6.044901e-05 7.124914e-04 8.033356e-04 2.570816e-03 
25 9007 1.631229e+02 2.018042e-03 4.485134e-05 4.485134e-05 5.948966e-04 6.877924e-04 2.018042e-03 
26 9071 1.450679e+02 1.560774e-03 3.266236e-05 3.266236e-05 4.378813e-04 6.128180e-04 1.560774e-03 
27 9135 1.327032e+02 1.155243e-03 2.256086e-05 2.256086e-05 3.165850e-04 5.452394e-04 1.155243e-03 
28 9199 1.122740e+02 8.248726e-04 1.553892e-05 1.553892e-05 2.460293e-04 5.214226e-04 8.248726e-04 
29 9263 1.172604e+02 6.101607e-04 1.080471e-05 1.080471e-05 1.802904e-04 5.021820e-04 6.101607e-04 
30 9327 9.901598e+01 5.543088e-04 7.361528e-06 7.361528e-06 1.338608e-04 3.995217e-04 5.543088e-04 
31 9391 9.031411e+01 4.687642e-04 5.467848e-06 5.467848e-06 9.500387e-05 3.234430e-04 4.687642e-04 
32 9455 8.762684e+01 4.272702e-04 3.903012e-06 3.903012e-06 7.542904e-05 2.564331e-04 4.272702e-04 
33 9519 8.325718e+01 4.009350e-04 2.761862e-06 2.761862e-06 6.509264e-05 1.928652e-04 4.009350e-04 
34 9583 7.168462e+01 4.723702e-04 1.974258e-06 1.974258e-06 4.661558e-05 1.324079e-04 4.723702e-04 
35 9647 6.293687e+01 4.858338e-04 1.487087e-06 1.487087e-06 3.352692e-05 9.722123e-05 4.858338e-04 
36 9711 5.362113e+01 4.826777e-04 1.057755e-06 1.057755e-06 2.259304e-05 6.899058e-05 4.826777e-04 
37 9775 5.088443e+01 4.897815e-04 7.788648e-07 7.788648e-07 1.612260e-05 5.292861e-05 4.897815e-04 
38 9839 4.599190e+01 4.986606e-04 5.439762e-07 5.439762e-07 1.132934e-05 3.949488e-05 4.986606e-04 
39 9903 4.071988e+01 4.749145e-04 3.708931e-07 3.708931e-07 7.626405e-06 2.733244e-05 4.749145e-04 
40 9967 3.590013e+01 4.239387e-04 2.640034e-07 2.640034e-07 5.524701e-06 1.966517e-05 4.239387e-04 
41 10031 3.348606e+01 3.773804e-04 2.021530e-07 2.021530e-07 3.819843e-06 1.341131e-05 3.773804e-04 
42 10095 3.198990e+01 3.154358e-04 1.452427e-07 1.452427e-07 2.631356e-06 1.043038e-05 3.154358e-04 
43 10159 2.987493e+01 2.751439e-04 1.037793e-07 1.037793e-07 1.948138e-06 7.387335e-06 2.751439e-04 
44 10223 2.622984e+01 2.840081e-04 7.245166e-08 7.245166e-08 1.446438e-06 5.319398e-06 2.840081e-04 
45 10287 2.384020e+01 2.679869e-04 5.476694e-08 5.476694e-08 1.048255e-06 3.896514e-06 2.679869e-04 
46 10351 2.140265e+01 2.689298e-04 4.036215e-08 4.036215e-08 7.296048e-07 2.921702e-06 2.689298e-04 
47 10415 2.002823e+01 2.688020e-04 2.922225e-08 2.922225e-08 4.803421e-07 2.101402e-06 2.688020e-04 
48 10479 2.005559e+01 2.519318e-04 2.197161e-08 2.197161e-08 4.127545e-07 1.485618e-06 2.519318e-04 
49 10543 1.695026e+01 2.391582e-04 1.521210e-08 1.521210e-08 2.953763e-07 1.048638e-06 2.391582e-04 
50 10607 1.594834e+01 2.145602e-04 1.126015e-08 1.126015e-08 2.180499e-07 7.822588e-07 2.145602e-04 
51 10671 1.599171e+01 2.108139e-04 8.473628e-09 8.473628e-09 1.509302e-07 5.559443e-07 2.108139e-04 
52 10735 1.495124e+01 2.116168e-04 6.426386e-09 6.426386e-09 1.045685e-07 4.204983e-07 2.116168e-04 
53 10799 1.246832e+01 2.181724e-04 4.640297e-09 4.640297e-09 7.864739e-08 3.017111e-07 2.181724e-04 
54 10863 1.081443e+01 2.024287e-04 3.456559e-09 3.456559e-09 5.674954e-08 2.213384e-07 2.024287e-04 
55 10927 1.024261e+01 1.860796e-04 2.512274e-09 2.512274e-09 4.387189e-08 1.597365e-07 1.860796e-04 
56 10991 9.816419e+00 1.514567e-04 1.728304e-09 1.728304e-09 3.057490e-08 1.193765e-07 1.514567e-04 
57 11055 9.027676e+00 1.257968e-04 1.285670e-09 1.285670e-09 2.370920e-08 8.564325e-08 1.257968e-04 
58 11119 8.378783e+00 1.118070e-04 8.995274e-10 8.995274e-10 1.789357e-08 6.415698e-08 1.118070e-04 
59 11183 7.241524e+00 1.086731e-04 7.745135e-10 7.745135e-10 1.366726e-08 4.849288e-08 1.086731e-04 
60 11247 7.455375e+00 1.263865e-04 6.008720e-10 6.008720e-10 1.117929e-08 4.045522e-08 1.263865e-04 
61 11311 6.639433e+00 1.446348e-04 5.481856e-10 5.481856e-10 1.019952e-08 3.514653e-08 1.446348e-04 
62 11375 6.184757e+00 1.384955e-04 3.953273e-10 3.953273e-10 1.030331e-08 3.028477e-08 1.384955e-04 
63 11439 6.418087e+00 1.382520e-04 3.416962e-10 3.416962e-10 8.472025e-09 3.246102e-08 1.382520e-04 
64 11503 5.876814e+00 1.107876e-04 2.993120e-10 2.993120e-10 6.780786e-09 2.805562e-08 1.107876e-04 
65 11567 4.883765e+00 1.190306e-04 2.773512e-10 2.773512e-10 5.525665e-09 2.557932e-08 1.190306e-04 
66 11631 4.860561e+00 1.287868e-04 2.280083e-10 2.280083e-10 5.381820e-09 2.334322e-08 1.287868e-04 
