%  columns="iteration, evaluation, fitness, void, void, xrecentbest" (startseed=210463, 2022/07/14 11:16:34.63)
1 9  1.719980163077935231e+03 0 0 2.377869e+01 1.923722e+02 1.148680e+00 7.336720e-01 
2 17  7.562687108404974197e+02 0 0 3.459043e+01 3.039129e+02 6.353927e-01 8.190814e-01 
3 25  4.422370529141379052e+02 0 0 4.490448e+01 1.863680e+02 1.094973e+00 8.517886e-01 
4 33  1.694105326591942230e+03 0 0 5.266267e+01 3.057851e+02 4.471785e-01 9.233996e-01 
5 41  3.969347765894562485e+02 0 0 3.233644e+01 2.307649e+02 6.129196e-01 9.287067e-01 
6 49  4.098111656719626694e+02 0 0 4.638373e+01 2.001452e+02 1.026391e+00 7.257170e-01 
7 57  7.858126561798342209e+02 0 0 6.898865e+01 1.485407e+02 9.781048e-01 5.961948e-01 
8 65  7.633662420606763135e+02 0 0 3.845630e+01 2.933414e+02 8.967832e-01 7.210904e-01 
9 73  2.133754268482571490e+02 0 0 4.153939e+01 2.085674e+02 7.457027e-01 8.376504e-01 
10 81  2.717317998446523575e+02 0 0 4.336167e+01 2.038761e+02 1.223175e+00 8.601111e-01 
11 89  2.003509539036361673e+02 0 0 3.903338e+01 2.179163e+02 4.295843e-01 7.492891e-01 
12 97  2.483915015779285227e+02 0 0 4.040881e+01 2.189064e+02 4.095709e-01 7.850290e-01 
13 105  2.111815589211448980e+02 0 0 4.008010e+01 2.004663e+02 2.907666e-01 5.480968e-01 
14 113  2.832622861973522390e+02 0 0 2.993856e+01 2.218427e+02 1.756180e-01 6.892659e-01 
15 121  1.995499648899632916e+02 0 0 3.721597e+01 2.011000e+02 4.414287e-01 6.829295e-01 
16 129  4.350254684858477958e+02 0 0 4.392920e+01 1.849836e+02 5.417014e-01 7.301639e-01 
17 137  2.075240412336888483e+02 0 0 3.959998e+01 2.002648e+02 3.649049e-01 6.398959e-01 
18 145  2.765640471606900519e+02 0 0 4.330796e+01 2.076724e+02 3.792905e-01 6.870005e-01 
19 153  1.778694337146864086e+02 0 0 3.551889e+01 2.060465e+02 2.887041e-01 6.818947e-01 
20 161  1.652627302277630577e+02 0 0 3.444120e+01 2.121636e+02 2.489998e-01 7.192035e-01 
21 169  1.617452765375048500e+02 0 0 3.827759e+01 2.088356e+02 1.939198e-01 6.365135e-01 
22 177  1.848312643254878367e+02 0 0 3.925884e+01 2.036839e+02 2.735915e-01 6.654772e-01 
23 185  1.515538630033241532e+02 0 0 3.679747e+01 2.132830e+02 3.225289e-01 6.963970e-01 
24 193  1.531732344521315099e+02 0 0 3.638030e+01 2.091797e+02 3.881699e-01 6.681642e-01 
25 201  1.516735615729501774e+02 0 0 3.570229e+01 2.117645e+02 3.435449e-01 6.712092e-01 
26 209  1.570711648107345297e+02 0 0 3.523192e+01 2.160972e+02 3.900705e-01 6.916296e-01 
27 217  1.559842586442097456e+02 0 0 3.616419e+01 2.159613e+02 3.632271e-01 6.745341e-01 
28 225  1.492669239348220458e+02 0 0 3.646275e+01 2.110998e+02 3.729307e-01 6.786253e-01 
29 233  1.510782999604251984e+02 0 0 3.659228e+01 2.134712e+02 3.274106e-01 6.864119e-01 
30 241  1.498652439221330326e+02 0 0 3.641030e+01 2.127357e+02 3.327565e-01 6.837073e-01 
31 249  1.517546434922649325e+02 0 0 3.575610e+01 2.133674e+02 3.137801e-01 6.734112e-01 
32 257  1.513732914229372852e+02 0 0 3.596511e+01 2.122691e+02 2.950751e-01 6.856615e-01 
33 265  1.509518829426905882e+02 0 0 3.686201e+01 2.108637e+02 3.025335e-01 6.845830e-01 
34 273  1.508998286263337718e+02 0 0 3.632736e+01 2.127548e+02 2.901692e-01 6.779149e-01 
35 281  1.507499953518540963e+02 0 0 3.658218e+01 2.121266e+02 2.876226e-01 6.836842e-01 
36 289  1.503048280352359143e+02 0 0 3.653106e+01 2.116778e+02 3.042848e-01 6.813893e-01 
37 297  1.503535226246292495e+02 0 0 3.636221e+01 2.120387e+02 3.051025e-01 6.849752e-01 
38 305  1.504384698824856628e+02 0 0 3.654832e+01 2.120540e+02 2.992187e-01 6.843179e-01 
39 313  1.505498746949542976e+02 0 0 3.673439e+01 2.113167e+02 3.035792e-01 6.855592e-01 
40 321  1.502424436497184956e+02 0 0 3.643436e+01 2.116290e+02 3.115509e-01 6.849201e-01 
41 329  1.503341469964703663e+02 0 0 3.656999e+01 2.113983e+02 3.076537e-01 6.817205e-01 
42 337  1.502579888472938592e+02 0 0 3.661886e+01 2.121719e+02 3.085372e-01 6.816331e-01 
43 345  1.503188149406676644e+02 0 0 3.676357e+01 2.118915e+02 3.125940e-01 6.865582e-01 
44 353  1.499724132667780054e+02 0 0 3.649957e+01 2.120362e+02 3.192327e-01 6.859851e-01 
45 361  1.498097470761171621e+02 0 0 3.645176e+01 2.119683e+02 3.282376e-01 6.889197e-01 
46 369  1.498635984893639375e+02 0 0 3.642302e+01 2.125216e+02 3.304811e-01 6.889478e-01 
47 377  1.492987373791352752e+02 0 0 3.656941e+01 2.119187e+02 3.494897e-01 6.865742e-01 
48 385  1.494456674315348437e+02 0 0 3.669315e+01 2.111040e+02 3.617256e-01 6.877531e-01 
49 393  1.488360324788358184e+02 0 0 3.631914e+01 2.119070e+02 3.812886e-01 6.920569e-01 
50 401  1.492364726311677714e+02 0 0 3.620440e+01 2.116878e+02 3.773596e-01 6.889392e-01 
51 409  1.490517590418995724e+02 0 0 3.618267e+01 2.128595e+02 3.838751e-01 6.983788e-01 
52 417  1.483296873888224638e+02 0 0 3.627562e+01 2.133953e+02 4.298918e-01 7.008447e-01 
53 425  1.480496881790442671e+02 0 0 3.614486e+01 2.128653e+02 4.364679e-01 7.053603e-01 
54 433  1.469810229873213530e+02 0 0 3.621785e+01 2.125197e+02 4.767355e-01 6.982425e-01 
55 441  1.463449692613960451e+02 0 0 3.604010e+01 2.125908e+02 5.325558e-01 7.001621e-01 
56 449  1.453902042244212680e+02 0 0 3.684142e+01 2.123324e+02 5.784765e-01 7.172663e-01 
57 457  1.445687050319084790e+02 0 0 3.638646e+01 2.135274e+02 6.233834e-01 7.137623e-01 
58 465  1.438969128346426203e+02 0 0 3.680733e+01 2.120809e+02 6.613827e-01 7.140924e-01 
59 473  1.432201369530820898e+02 0 0 3.661090e+01 2.139604e+02 7.490321e-01 7.342640e-01 
60 481  1.423529018577188481e+02 0 0 3.628563e+01 2.115870e+02 8.662671e-01 7.419817e-01 
61 489  1.407905289877469670e+02 0 0 3.633093e+01 2.140978e+02 9.086354e-01 7.483675e-01 
62 497  1.398614619229780089e+02 0 0 3.661046e+01 2.142568e+02 1.046010e+00 7.537553e-01 
63 505  1.415865257058090947e+02 0 0 3.588545e+01 2.154480e+02 1.023392e+00 7.551032e-01 
64 513  1.405649367987180938e+02 0 0 3.662278e+01 2.146620e+02 9.919819e-01 7.569541e-01 
65 521  1.399755975186483568e+02 0 0 3.666410e+01 2.144222e+02 1.041160e+00 7.454404e-01 
66 529  1.408243259556348619e+02 0 0 3.662291e+01 2.136867e+02 8.884227e-01 7.414532e-01 
67 537  1.393295227687614499e+02 0 0 3.664770e+01 2.129443e+02 1.002985e+00 7.526103e-01 
68 545  1.395388829145056206e+02 0 0 3.677597e+01 2.132844e+02 1.067852e+00 7.552793e-01 
69 553  1.394693482489451526e+02 0 0 3.643553e+01 2.131761e+02 1.015379e+00 7.639009e-01 
70 561  1.399640983426357650e+02 0 0 3.647262e+01 2.136949e+02 9.383294e-01 7.403003e-01 
71 569  1.392987461978838439e+02 0 0 3.655057e+01 2.128296e+02 9.959508e-01 7.473054e-01 
72 577  1.391882604418167375e+02 0 0 3.652253e+01 2.132078e+02 1.006466e+00 7.484117e-01 
73 585  1.394082807719707375e+02 0 0 3.644708e+01 2.126653e+02 1.028307e+00 7.488529e-01 
74 593  1.392660842219915764e+02 0 0 3.648119e+01 2.134419e+02 9.984569e-01 7.512348e-01 
75 601  1.393214573864219119e+02 0 0 3.637481e+01 2.135979e+02 9.960492e-01 7.494997e-01 
76 609  1.392589676349876129e+02 0 0 3.643098e+01 2.134042e+02 1.015475e+00 7.516915e-01 
77 617  1.392878554135789955e+02 0 0 3.662613e+01 2.133787e+02 1.011636e+00 7.507102e-01 
78 625  1.392107308274611057e+02 0 0 3.647652e+01 2.132771e+02 1.005429e+00 7.497038e-01 
79 633  1.392401515702249810e+02 0 0 3.658426e+01 2.132442e+02 1.028673e+00 7.505176e-01 
80 641  1.392755468642020844e+02 0 0 3.632700e+01 2.132613e+02 1.002427e+00 7.476127e-01 
81 649  1.392182891854803017e+02 0 0 3.649989e+01 2.131522e+02 1.021405e+00 7.498508e-01 
82 657  1.392546386638324236e+02 0 0 3.658945e+01 2.131553e+02 9.945020e-01 7.471248e-01 
83 665  1.391889008844659372e+02 0 0 3.657464e+01 2.131127e+02 1.000737e+00 7.475290e-01 
84 673  1.392022057387787584e+02 0 0 3.655997e+01 2.130521e+02 9.957571e-01 7.448794e-01 
85 681  1.391750642311539821e+02 0 0 3.651915e+01 2.130724e+02 1.003025e+00 7.467013e-01 
86 689  1.391283989236106891e+02 0 0 3.650883e+01 2.131209e+02 1.000170e+00 7.443379e-01 
87 697  1.391317817905899119e+02 0 0 3.648074e+01 2.133105e+02 1.001514e+00 7.451501e-01 
88 705  1.391619299807537118e+02 0 0 3.661291e+01 2.128861e+02 1.004123e+00 7.427253e-01 
89 713  1.391339243819849685e+02 0 0 3.650665e+01 2.132087e+02 1.002319e+00 7.452185e-01 
90 721  1.392273048772315747e+02 0 0 3.662235e+01 2.130313e+02 9.940003e-01 7.436430e-01 
91 729  1.391721924182385806e+02 0 0 3.658126e+01 2.130955e+02 9.957932e-01 7.431833e-01 
92 737  1.391216052958606042e+02 0 0 3.654803e+01 2.130576e+02 1.012729e+00 7.433906e-01 
93 745  1.391250209415971995e+02 0 0 3.658059e+01 2.131041e+02 1.000302e+00 7.436089e-01 
94 753  1.391180373945037729e+02 0 0 3.652780e+01 2.132004e+02 1.001245e+00 7.442509e-01 
95 761  1.391215945937414062e+02 0 0 3.650690e+01 2.131395e+02 9.979551e-01 7.425568e-01 
96 769  1.391265704116549671e+02 0 0 3.651623e+01 2.131741e+02 9.977529e-01 7.429721e-01 
97 777  1.391071778104589214e+02 0 0 3.650011e+01 2.131028e+02 1.000652e+00 7.428234e-01 
98 785  1.390945412895892730e+02 0 0 3.652477e+01 2.131823e+02 1.001495e+00 7.428094e-01 
99 793  1.391044350246939700e+02 0 0 3.651345e+01 2.131675e+02 1.003975e+00 7.432998e-01 
100 801  1.390986985854454190e+02 0 0 3.651328e+01 2.131484e+02 1.001392e+00 7.428337e-01 
101 809  1.390906127187723769e+02 0 0 3.651952e+01 2.131382e+02 1.001142e+00 7.423033e-01 
102 817  1.390921558105374913e+02 0 0 3.653625e+01 2.131214e+02 1.000744e+00 7.422656e-01 
103 825  1.391067014287235111e+02 0 0 3.653891e+01 2.131141e+02 1.001107e+00 7.430567e-01 
104 833  1.391009898184620681e+02 0 0 3.655394e+01 2.131255e+02 1.001128e+00 7.427041e-01 
105 841  1.391076418750538721e+02 0 0 3.649844e+01 2.132317e+02 9.994719e-01 7.433371e-01 
106 849  1.391013843003117358e+02 0 0 3.649579e+01 2.132542e+02 9.994625e-01 7.430160e-01 
107 857  1.390916111985107477e+02 0 0 3.651369e+01 2.131977e+02 1.000938e+00 7.427110e-01 
108 865  1.390956345849667173e+02 0 0 3.651329e+01 2.131913e+02 9.996835e-01 7.426798e-01 
109 873  1.391031297335165107e+02 0 0 3.651909e+01 2.132302e+02 9.988379e-01 7.426314e-01 
110 881  1.391070237723638741e+02 0 0 3.652221e+01 2.132080e+02 9.992463e-01 7.430899e-01 
111 889  1.391001444956614250e+02 0 0 3.652057e+01 2.132514e+02 1.000023e+00 7.433562e-01 
112 897  1.390945728327014592e+02 0 0 3.652462e+01 2.132368e+02 1.000542e+00 7.429933e-01 
113 905  1.390850155804640451e+02 0 0 3.651381e+01 2.131925e+02 1.000513e+00 7.423009e-01 
114 913  1.390875887056456861e+02 0 0 3.652220e+01 2.132202e+02 1.002964e+00 7.425558e-01 
115 921  1.390797223892609793e+02 0 0 3.650793e+01 2.131766e+02 9.999160e-01 7.418212e-01 
116 929  1.390766813352060183e+02 0 0 3.649044e+01 2.131891e+02 1.000841e+00 7.416465e-01 
117 937  1.390658514905676668e+02 0 0 3.652492e+01 2.132019e+02 1.000007e+00 7.412198e-01 
118 945  1.390540894862237167e+02 0 0 3.650808e+01 2.132119e+02 1.000063e+00 7.405713e-01 
119 953  1.390505052781243194e+02 0 0 3.650841e+01 2.132063e+02 1.000866e+00 7.403386e-01 
120 961  1.390288879767071251e+02 0 0 3.648744e+01 2.132417e+02 9.999718e-01 7.390800e-01 
121 969  1.390096101219781985e+02 0 0 3.654217e+01 2.132062e+02 1.004000e+00 7.378740e-01 
122 977  1.389801833474617183e+02 0 0 3.650308e+01 2.131814e+02 1.001034e+00 7.360787e-01 
123 985  1.389058626025640137e+02 0 0 3.644592e+01 2.132906e+02 1.000536e+00 7.315436e-01 
124 993  1.389313501340328969e+02 0 0 3.636381e+01 2.131632e+02 1.006620e+00 7.283530e-01 
125 1001  1.388714677760807206e+02 0 0 3.634677e+01 2.133984e+02 9.919613e-01 7.204465e-01 
126 1009  1.387592863684230053e+02 0 0 3.632140e+01 2.136606e+02 9.971906e-01 7.163363e-01 
127 1017  1.386278004944205122e+02 0 0 3.628132e+01 2.137804e+02 1.001869e+00 7.081848e-01 
128 1025  1.386080030127019711e+02 0 0 3.629201e+01 2.138403e+02 1.002693e+00 7.070128e-01 
129 1033  1.381750078142929112e+02 0 0 3.646223e+01 2.132950e+02 9.933828e-01 6.867317e-01 
130 1041  1.376588873816524199e+02 0 0 3.632366e+01 2.134086e+02 9.997448e-01 6.593561e-01 
131 1049  1.369477653451937726e+02 0 0 3.625364e+01 2.139858e+02 9.952583e-01 6.192795e-01 
132 1057  1.366661995903030515e+02 0 0 3.647802e+01 2.132255e+02 1.017814e+00 6.138770e-01 
133 1065  1.359990666976469811e+02 0 0 3.636823e+01 2.134132e+02 9.564266e-01 5.565623e-01 
134 1073  1.328058126895140845e+02 0 0 3.614326e+01 2.147854e+02 9.180399e-01 4.152692e-01 
135 1081  1.279565218572666367e+02 0 0 3.604985e+01 2.128832e+02 9.577393e-01 2.245376e-01 
136 1089  1.249831072368573928e+02 0 0 3.518213e+01 2.147731e+02 8.486063e-01 8.143093e-02 
137 1097  1.152289073300381546e+02 0 0 3.616200e+01 2.193225e+02 8.964602e-01 -1.695813e-01 
138 1105  1.259987949243615475e+02 0 0 3.468963e+01 2.161469e+02 6.820268e-01 -4.027025e-02 
139 1113  1.150856324796282593e+02 0 0 3.625683e+01 2.164818e+02 1.080224e+00 3.909720e-02 
140 1121  1.200711439788900492e+02 0 0 3.507361e+01 2.180868e+02 5.586248e-01 -2.395816e-01 
141 1129  1.196360400147703302e+02 0 0 3.760044e+01 2.145990e+02 8.937324e-01 6.012344e-02 
142 1137  1.151905371489486072e+02 0 0 3.596994e+01 2.179249e+02 7.033061e-01 -6.411602e-02 
143 1145  1.146780195580315649e+02 0 0 3.663686e+01 2.163534e+02 7.452312e-01 9.757462e-03 
144 1153  1.147839262448549675e+02 0 0 3.675769e+01 2.162918e+02 7.673980e-01 1.093002e-02 
145 1161  1.145833310595422176e+02 0 0 3.631134e+01 2.182293e+02 7.958286e-01 -5.009831e-03 
146 1169  1.146949638852044870e+02 0 0 3.638757e+01 2.168447e+02 8.013631e-01 -3.621951e-02 
147 1177  1.145792874243056332e+02 0 0 3.650055e+01 2.169629e+02 8.166616e-01 -1.017144e-01 
148 1185  1.151443151244104399e+02 0 0 3.598565e+01 2.179422e+02 7.616568e-01 -8.006559e-02 
149 1193  1.157431987504799054e+02 0 0 3.661920e+01 2.153790e+02 7.981468e-01 -2.975277e-02 
150 1201  1.153408345883165964e+02 0 0 3.592874e+01 2.177595e+02 8.142897e-01 -4.498923e-02 
151 1209  1.167049203420450283e+02 0 0 3.630530e+01 2.148536e+02 8.514092e-01 1.504304e-02 
152 1217  1.165922756471604060e+02 0 0 3.651469e+01 2.149640e+02 8.933214e-01 4.830672e-02 
153 1225  1.153356699010556099e+02 0 0 3.608641e+01 2.167122e+02 8.506935e-01 -5.584588e-02 
154 1233  1.152367097177840947e+02 0 0 3.636925e+01 2.160850e+02 8.378855e-01 -9.750478e-03 
155 1241  1.158137002281457768e+02 0 0 3.618379e+01 2.158885e+02 8.452272e-01 3.510792e-02 
156 1249  1.152474524295191998e+02 0 0 3.602696e+01 2.171507e+02 8.600738e-01 -2.065955e-02 
157 1257  1.150040946867556784e+02 0 0 3.633777e+01 2.161550e+02 8.511891e-01 1.616628e-02 
158 1265  1.144965563286631607e+02 0 0 3.621618e+01 2.175710e+02 8.493984e-01 8.646331e-03 
159 1273  1.144390648373803998e+02 0 0 3.623662e+01 2.175111e+02 8.710533e-01 1.657756e-02 
160 1281  1.144443319496668039e+02 0 0 3.630527e+01 2.171403e+02 8.900741e-01 1.497776e-02 
161 1289  1.143375746823306685e+02 0 0 3.631108e+01 2.178231e+02 8.688454e-01 2.008865e-02 
162 1297  1.142823904830041499e+02 0 0 3.649313e+01 2.179128e+02 8.960881e-01 2.172021e-02 
163 1305  1.143874070672006980e+02 0 0 3.626599e+01 2.181415e+02 8.973382e-01 1.381085e-02 
164 1313  1.145001118408516447e+02 0 0 3.621964e+01 2.173790e+02 8.890509e-01 1.359472e-02 
165 1321  1.142646574574033451e+02 0 0 3.656714e+01 2.174548e+02 8.915218e-01 1.876819e-02 
166 1329  1.142511061055635935e+02 0 0 3.646235e+01 2.174350e+02 8.780000e-01 1.535657e-02 
167 1337  1.142919870109659257e+02 0 0 3.639566e+01 2.176363e+02 8.897605e-01 9.269217e-03 
168 1345  1.142598909900753057e+02 0 0 3.640784e+01 2.175971e+02 8.978122e-01 1.832505e-02 
169 1353  1.142793747442595560e+02 0 0 3.637652e+01 2.175971e+02 8.839269e-01 1.838305e-02 
170 1361  1.142744930688960636e+02 0 0 3.636961e+01 2.179019e+02 9.058723e-01 1.621718e-02 
171 1369  1.142481474238626618e+02 0 0 3.642541e+01 2.177140e+02 9.085002e-01 1.320747e-02 
172 1377  1.142577564471565950e+02 0 0 3.649082e+01 2.176426e+02 9.054556e-01 1.030893e-02 
173 1385  1.142455269879405932e+02 0 0 3.650916e+01 2.174435e+02 9.030189e-01 1.626726e-02 
174 1393  1.142369003982681903e+02 0 0 3.649360e+01 2.176263e+02 9.047037e-01 1.780955e-02 
175 1401  1.142361790295285289e+02 0 0 3.647537e+01 2.175751e+02 8.990511e-01 1.621357e-02 
176 1409  1.142426851007413120e+02 0 0 3.649111e+01 2.174878e+02 8.969825e-01 1.432203e-02 
177 1417  1.142398221210390403e+02 0 0 3.647661e+01 2.175855e+02 9.028690e-01 1.339645e-02 
178 1425  1.142385315809426913e+02 0 0 3.650085e+01 2.175993e+02 9.066929e-01 1.353208e-02 
179 1433  1.142374100243504529e+02 0 0 3.652297e+01 2.176069e+02 9.026636e-01 1.640185e-02 
180 1441  1.142360071754882824e+02 0 0 3.651648e+01 2.176676e+02 9.088714e-01 1.510279e-02 
181 1449  1.142346674389486338e+02 0 0 3.650523e+01 2.176028e+02 9.018284e-01 1.547255e-02 
182 1457  1.142345368038991182e+02 0 0 3.650842e+01 2.176511e+02 9.055094e-01 1.521951e-02 
183 1465  1.142331858163630471e+02 0 0 3.649486e+01 2.176503e+02 9.091004e-01 1.578218e-02 
184 1473  1.142347963514646239e+02 0 0 3.650840e+01 2.176908e+02 9.070750e-01 1.594376e-02 
185 1481  1.142353659762961513e+02 0 0 3.648655e+01 2.176078e+02 9.020592e-01 1.435598e-02 
186 1489  1.142341192446604055e+02 0 0 3.650472e+01 2.176310e+02 9.021213e-01 1.595753e-02 
187 1497  1.142329471065836515e+02 0 0 3.648832e+01 2.176673e+02 9.015410e-01 1.550060e-02 
188 1505  1.142333250837201746e+02 0 0 3.649749e+01 2.176512e+02 9.055091e-01 1.578140e-02 
189 1513  1.142332448192601362e+02 0 0 3.649262e+01 2.176395e+02 9.043599e-01 1.593454e-02 
190 1521  1.142331526378543600e+02 0 0 3.649202e+01 2.176688e+02 9.051524e-01 1.608766e-02 
191 1529  1.142329926954245991e+02 0 0 3.649059e+01 2.176684e+02 9.067365e-01 1.584384e-02 
192 1537  1.142329972291337583e+02 0 0 3.648286e+01 2.176862e+02 9.051454e-01 1.584789e-02 
193 1545  1.142329596339945397e+02 0 0 3.648248e+01 2.176674e+02 9.049139e-01 1.555692e-02 
194 1553  1.142329501643648513e+02 0 0 3.648634e+01 2.176727e+02 9.054478e-01 1.549325e-02 
195 1561  1.142329525593733308e+02 0 0 3.648757e+01 2.176630e+02 9.060003e-01 1.589107e-02 
196 1569  1.142329249491031362e+02 0 0 3.648722e+01 2.176638e+02 9.051590e-01 1.573816e-02 
197 1577  1.142329629841316887e+02 0 0 3.648897e+01 2.176585e+02 9.055583e-01 1.574151e-02 
198 1585  1.142329237825825032e+02 0 0 3.648628e+01 2.176644e+02 9.057003e-01 1.563320e-02 
199 1593  1.142329180314131349e+02 0 0 3.648573e+01 2.176645e+02 9.058358e-01 1.572360e-02 
200 1601  1.142329133506269443e+02 0 0 3.648540e+01 2.176676e+02 9.061690e-01 1.576466e-02 
201 1609  1.142329111602107332e+02 0 0 3.648559e+01 2.176724e+02 9.061874e-01 1.573107e-02 
202 1617  1.142329119068280647e+02 0 0 3.648500e+01 2.176720e+02 9.064844e-01 1.575827e-02 
203 1625  1.142329173955140220e+02 0 0 3.648543e+01 2.176730e+02 9.063210e-01 1.563454e-02 
204 1633  1.142329129111101622e+02 0 0 3.648526e+01 2.176710e+02 9.063563e-01 1.566199e-02 
205 1641  1.142329152151123139e+02 0 0 3.648447e+01 2.176688e+02 9.064733e-01 1.576139e-02 
206 1649  1.142329114054403476e+02 0 0 3.648597e+01 2.176680e+02 9.060613e-01 1.570348e-02 
207 1657  1.142329102125982132e+02 0 0 3.648521e+01 2.176697e+02 9.061665e-01 1.572232e-02 
208 1665  1.142329104355568887e+02 0 0 3.648596e+01 2.176704e+02 9.062822e-01 1.572772e-02 
209 1673  1.142329116412781502e+02 0 0 3.648577e+01 2.176698e+02 9.063041e-01 1.576682e-02 
210 1681  1.142329107208508674e+02 0 0 3.648589e+01 2.176690e+02 9.062009e-01 1.574058e-02 
211 1689  1.142329102302372519e+02 0 0 3.648557e+01 2.176692e+02 9.062336e-01 1.573623e-02 
212 1697  1.142329102069340934e+02 0 0 3.648576e+01 2.176706e+02 9.062848e-01 1.573630e-02 
213 1705  1.142329102377022565e+02 0 0 3.648559e+01 2.176701e+02 9.063790e-01 1.574593e-02 
214 1713  1.142329103547643427e+02 0 0 3.648586e+01 2.176690e+02 9.062578e-01 1.572509e-02 
215 1721  1.142329100198262921e+02 0 0 3.648557e+01 2.176698e+02 9.062812e-01 1.570649e-02 
216 1729  1.142329098695339553e+02 0 0 3.648537e+01 2.176708e+02 9.062721e-01 1.572090e-02 
217 1737  1.142329098746262162e+02 0 0 3.648542e+01 2.176705e+02 9.063024e-01 1.572996e-02 
218 1745  1.142329098857823908e+02 0 0 3.648543e+01 2.176703e+02 9.062507e-01 1.573062e-02 
219 1753  1.142329098933781779e+02 0 0 3.648538e+01 2.176703e+02 9.062844e-01 1.572983e-02 
220 1761  1.142329098118819530e+02 0 0 3.648547e+01 2.176700e+02 9.062403e-01 1.571644e-02 
221 1769  1.142329097818933406e+02 0 0 3.648550e+01 2.176703e+02 9.062518e-01 1.571846e-02 
222 1777  1.142329098312182367e+02 0 0 3.648546e+01 2.176701e+02 9.062496e-01 1.571379e-02 
223 1785  1.142329098104129628e+02 0 0 3.648543e+01 2.176701e+02 9.062428e-01 1.572247e-02 
224 1793  1.142329097823951827e+02 0 0 3.648550e+01 2.176703e+02 9.062632e-01 1.571840e-02 
225 1801  1.142329097807550227e+02 0 0 3.648554e+01 2.176702e+02 9.062524e-01 1.571990e-02 
226 1809  1.142329097888003275e+02 0 0 3.648554e+01 2.176702e+02 9.062369e-01 1.571710e-02 
227 1817  1.142329097818523138e+02 0 0 3.648549e+01 2.176702e+02 9.062589e-01 1.571952e-02 
228 1825  1.142329097788966266e+02 0 0 3.648550e+01 2.176703e+02 9.062645e-01 1.572024e-02 
229 1833  1.142329097812790479e+02 0 0 3.648553e+01 2.176704e+02 9.062594e-01 1.572056e-02 
230 1841  1.142329097806096883e+02 0 0 3.648549e+01 2.176703e+02 9.062606e-01 1.571925e-02 
231 1849  1.142329097800322018e+02 0 0 3.648554e+01 2.176703e+02 9.062683e-01 1.572079e-02 
232 1857  1.142329097806340314e+02 0 0 3.648554e+01 2.176702e+02 9.062578e-01 1.572085e-02 
233 1865  1.142329097781448866e+02 0 0 3.648552e+01 2.176702e+02 9.062610e-01 1.572020e-02 
234 1873  1.142329097780690574e+02 0 0 3.648551e+01 2.176703e+02 9.062635e-01 1.572078e-02 
235 1881  1.142329097780832114e+02 0 0 3.648552e+01 2.176703e+02 9.062587e-01 1.572016e-02 
236 1889  1.142329097783428438e+02 0 0 3.648553e+01 2.176702e+02 9.062596e-01 1.572071e-02 
237 1897  1.142329097780847036e+02 0 0 3.648551e+01 2.176703e+02 9.062638e-01 1.572044e-02 
238 1905  1.142329097779611118e+02 0 0 3.648551e+01 2.176703e+02 9.062602e-01 1.572028e-02 
239 1913  1.142329097779592360e+02 0 0 3.648551e+01 2.176703e+02 9.062585e-01 1.572017e-02 
240 1921  1.142329097779615523e+02 0 0 3.648551e+01 2.176703e+02 9.062617e-01 1.572062e-02 
241 1929  1.142329097778944771e+02 0 0 3.648552e+01 2.176703e+02 9.062599e-01 1.572058e-02 
242 1937  1.142329097778792857e+02 0 0 3.648552e+01 2.176703e+02 9.062613e-01 1.572049e-02 
243 1945  1.142329097779007725e+02 0 0 3.648551e+01 2.176703e+02 9.062618e-01 1.572043e-02 
244 1953  1.142329097779117291e+02 0 0 3.648551e+01 2.176703e+02 9.062628e-01 1.572066e-02 
245 1961  1.142329097779071674e+02 0 0 3.648552e+01 2.176703e+02 9.062616e-01 1.572041e-02 
246 1969  1.142329097778843874e+02 0 0 3.648552e+01 2.176703e+02 9.062615e-01 1.572057e-02 
247 1977  1.142329097778773956e+02 0 0 3.648552e+01 2.176703e+02 9.062623e-01 1.572048e-02 
248 1985  1.142329097778852685e+02 0 0 3.648552e+01 2.176703e+02 9.062616e-01 1.572037e-02 
249 1993  1.142329097778791436e+02 0 0 3.648552e+01 2.176703e+02 9.062628e-01 1.572053e-02 
250 2001  1.142329097778857516e+02 0 0 3.648551e+01 2.176703e+02 9.062629e-01 1.572055e-02 
251 2009  1.142329097778765004e+02 0 0 3.648552e+01 2.176703e+02 9.062621e-01 1.572049e-02 
252 2017  1.142329097778812184e+02 0 0 3.648551e+01 2.176703e+02 9.062621e-01 1.572049e-02 
253 2025  1.142329097778776941e+02 0 0 3.648552e+01 2.176703e+02 9.062622e-01 1.572050e-02 
254 2033  1.142329097778792715e+02 0 0 3.648552e+01 2.176703e+02 9.062620e-01 1.572052e-02 
255 2041  1.142329097778767988e+02 0 0 3.648552e+01 2.176703e+02 9.062619e-01 1.572049e-02 
256 2049  1.142329097778764577e+02 0 0 3.648552e+01 2.176703e+02 9.062620e-01 1.572047e-02 
257 2057  1.142329097778766709e+02 0 0 3.648552e+01 2.176703e+02 9.062620e-01 1.572047e-02 
258 2065  1.142329097778762161e+02 0 0 3.648552e+01 2.176703e+02 9.062622e-01 1.572048e-02 
259 2073  1.142329097778761167e+02 0 0 3.648552e+01 2.176703e+02 9.062624e-01 1.572049e-02 
260 2081  1.142329097778763582e+02 0 0 3.648552e+01 2.176703e+02 9.062621e-01 1.572049e-02 
261 2089  1.142329097778764009e+02 0 0 3.648552e+01 2.176703e+02 9.062620e-01 1.572048e-02 
262 2097  1.142329097778761593e+02 0 0 3.648552e+01 2.176703e+02 9.062621e-01 1.572048e-02 
263 2105  1.142329097778761309e+02 0 0 3.648552e+01 2.176703e+02 9.062620e-01 1.572049e-02 
264 2113  1.142329097778761309e+02 0 0 3.648552e+01 2.176703e+02 9.062621e-01 1.572049e-02 
265 2121  1.142329097778762304e+02 0 0 3.648551e+01 2.176703e+02 9.062621e-01 1.572047e-02 
266 2129  1.142329097778761877e+02 0 0 3.648552e+01 2.176703e+02 9.062621e-01 1.572048e-02 
267 2137  1.142329097778760598e+02 0 0 3.648551e+01 2.176703e+02 9.062621e-01 1.572049e-02 
268 2145  1.142329097778759746e+02 0 0 3.648552e+01 2.176703e+02 9.062621e-01 1.572049e-02 
269 2153  1.142329097778760456e+02 0 0 3.648552e+01 2.176703e+02 9.062620e-01 1.572049e-02 
270 2161  1.142329097778760030e+02 0 0 3.648552e+01 2.176703e+02 9.062620e-01 1.572049e-02 
271 2169  1.142329097778759888e+02 0 0 3.648552e+01 2.176703e+02 9.062619e-01 1.572049e-02 
272 2177  1.142329097778761025e+02 0 0 3.648552e+01 2.176703e+02 9.062620e-01 1.572049e-02 
273 2185  1.142329097778759603e+02 0 0 3.648552e+01 2.176703e+02 9.062619e-01 1.572048e-02 
274 2193  1.142329097778759888e+02 0 0 3.648552e+01 2.176703e+02 9.062619e-01 1.572048e-02 
275 2201  1.142329097778759035e+02 0 0 3.648552e+01 2.176703e+02 9.062619e-01 1.572048e-02 
276 2209  1.142329097778759177e+02 0 0 3.648552e+01 2.176703e+02 9.062620e-01 1.572048e-02 
277 2217  1.142329097778759177e+02 0 0 3.648552e+01 2.176703e+02 9.062620e-01 1.572047e-02 
278 2225  1.142329097778759746e+02 0 0 3.648552e+01 2.176703e+02 9.062620e-01 1.572048e-02 
279 2233  1.142329097778759888e+02 0 0 3.648552e+01 2.176703e+02 9.062620e-01 1.572048e-02 
1 2251  5.001869023827317733e+02 0 0 4.699060e+01 2.139360e+02 6.131724e-01 1.258572e+00 
2 2267  4.465621334633234483e+02 0 0 4.615367e+01 1.905943e+02 1.009196e+00 6.488131e-01 
3 2283  2.048451903932586333e+02 0 0 4.117202e+01 2.058238e+02 8.791289e-01 9.021575e-01 
4 2299  6.100073198947399078e+02 0 0 2.401156e+01 2.185447e+02 9.884965e-01 7.522789e-01 
5 2315  2.632194720476005614e+02 0 0 4.317413e+01 2.060305e+02 8.741639e-01 7.984604e-01 
6 2331  2.884725591604433816e+02 0 0 4.338612e+01 2.149571e+02 7.918043e-01 5.083940e-01 
7 2347  2.294097207634831648e+02 0 0 3.473469e+01 2.250735e+02 8.438153e-01 9.621158e-01 
8 2363  2.444832159708164738e+02 0 0 3.157657e+01 2.243461e+02 6.333125e-01 6.942558e-01 
9 2379  2.459309529513244854e+02 0 0 3.876933e+01 2.239228e+02 7.207833e-01 6.229450e-01 
10 2395  1.535055993811782002e+02 0 0 3.529656e+01 2.162626e+02 7.581541e-01 1.111635e+00 
11 2411  1.984646334070143894e+02 0 0 3.790819e+01 2.006016e+02 7.310442e-01 6.518257e-01 
12 2427  1.657161200526397522e+02 0 0 3.374903e+01 2.123184e+02 8.228762e-01 5.488662e-01 
13 2443  1.402379496733677229e+02 0 0 3.562961e+01 2.129227e+02 8.126037e-01 5.213397e-01 
14 2459  1.406118231989530614e+02 0 0 3.588097e+01 2.169464e+02 5.065358e-01 3.014717e-01 
15 2475  1.342637332842504065e+02 0 0 3.796437e+01 2.114976e+02 6.218065e-01 1.806450e-01 
16 2491  1.461310645321151469e+02 0 0 3.659558e+01 2.110424e+02 4.103782e-01 5.113215e-01 
17 2507  1.531308503906732597e+02 0 0 3.917049e+01 2.093913e+02 3.236268e-01 1.358263e-01 
18 2523  1.388382597321495382e+02 0 0 3.595041e+01 2.124352e+02 4.992573e-01 3.090441e-01 
19 2539  1.379445798535600147e+02 0 0 3.623686e+01 2.118786e+02 6.318168e-01 3.658827e-01 
20 2555  1.378820904539861658e+02 0 0 3.640064e+01 2.111709e+02 6.977745e-01 3.637682e-01 
21 2571  1.331846235892587629e+02 0 0 3.631784e+01 2.139022e+02 7.571557e-01 3.578408e-01 
22 2587  1.374934036527465082e+02 0 0 3.857701e+01 2.139949e+02 5.498121e-01 1.469482e-01 
23 2603  1.311749894667341891e+02 0 0 3.799787e+01 2.105980e+02 3.652394e-01 4.734514e-02 
24 2619  1.233663696636669727e+02 0 0 3.742358e+01 2.118820e+02 3.435052e-01 -2.113849e-02 
25 2635  1.171533837830695859e+02 0 0 3.668519e+01 2.201534e+02 3.316342e-01 1.759529e-02 
26 2651  1.214843466136175323e+02 0 0 3.510438e+01 2.214639e+02 3.941258e-01 -6.340554e-02 
27 2667  1.353154091096614593e+02 0 0 3.736164e+01 2.146990e+02 5.333977e-01 2.439513e-01 
28 2683  1.199377391329491758e+02 0 0 3.622725e+01 2.135044e+02 4.644925e-01 -1.215090e-02 
29 2699  1.238169168440909687e+02 0 0 3.826495e+01 2.179201e+02 3.981181e-01 -3.183299e-02 
30 2715  1.164478489376409840e+02 0 0 3.731884e+01 2.175819e+02 4.038687e-01 -3.049597e-02 
31 2731  1.160575277369690497e+02 0 0 3.636473e+01 2.153484e+02 3.635562e-01 -7.785248e-03 
32 2747  1.160938852379576787e+02 0 0 3.567815e+01 2.186672e+02 3.144150e-01 2.638683e-03 
33 2763  1.147111432697013242e+02 0 0 3.627315e+01 2.185634e+02 2.460338e-01 -1.418352e-01 
34 2779  1.147078890721300297e+02 0 0 3.663472e+01 2.184115e+02 3.117573e-01 -9.171890e-03 
35 2795  1.159324256429686528e+02 0 0 3.681961e+01 2.152566e+02 2.336579e-01 -6.830901e-02 
36 2811  1.148222976025488009e+02 0 0 3.685111e+01 2.172838e+02 2.416927e-01 -6.563798e-02 
37 2827  1.148524488093122216e+02 0 0 3.642046e+01 2.165068e+02 2.590227e-01 -7.200845e-02 
38 2843  1.153406696799598024e+02 0 0 3.687401e+01 2.159764e+02 4.283476e-01 -6.499077e-03 
39 2859  1.144509111904416443e+02 0 0 3.655608e+01 2.172848e+02 3.764501e-01 1.326494e-02 
40 2875  1.145277389266866521e+02 0 0 3.662198e+01 2.178366e+02 2.808848e-01 -1.126440e-02 
41 2891  1.143743309418726710e+02 0 0 3.627531e+01 2.180170e+02 3.775357e-01 8.182135e-03 
42 2907  1.145059480386974684e+02 0 0 3.639558e+01 2.174126e+02 3.903091e-01 -2.150592e-03 
43 2923  1.145199773807500208e+02 0 0 3.646133e+01 2.181809e+02 3.756636e-01 -1.788222e-03 
44 2939  1.144022626269501188e+02 0 0 3.647182e+01 2.181088e+02 4.035550e-01 1.237915e-02 
45 2955  1.143955353434273547e+02 0 0 3.633516e+01 2.181728e+02 4.090818e-01 3.117844e-03 
46 2971  1.143253910026791829e+02 0 0 3.652558e+01 2.173567e+02 4.113419e-01 1.162376e-02 
47 2987  1.143400480740135379e+02 0 0 3.638011e+01 2.182856e+02 4.165287e-01 5.792583e-03 
48 3003  1.142644058650177215e+02 0 0 3.652729e+01 2.175966e+02 3.767090e-01 8.973209e-03 
49 3019  1.142578468586776239e+02 0 0 3.644559e+01 2.175045e+02 3.645450e-01 4.956930e-03 
50 3035  1.142452183838788216e+02 0 0 3.645007e+01 2.177018e+02 3.832452e-01 5.262625e-03 
51 3051  1.142637563368260487e+02 0 0 3.653098e+01 2.178957e+02 3.789427e-01 5.240660e-03 
52 3067  1.142406433558078334e+02 0 0 3.645804e+01 2.175487e+02 3.669657e-01 6.656311e-03 
53 3083  1.142512916478482623e+02 0 0 3.647230e+01 2.177360e+02 3.872359e-01 4.767151e-03 
54 3099  1.142409509731171795e+02 0 0 3.648588e+01 2.178132e+02 3.861707e-01 5.864153e-03 
55 3115  1.142335595546016123e+02 0 0 3.648737e+01 2.176588e+02 4.033420e-01 6.613359e-03 
56 3131  1.142342890162603624e+02 0 0 3.649728e+01 2.176854e+02 3.759115e-01 6.934901e-03 
57 3147  1.142334641435903393e+02 0 0 3.648317e+01 2.177162e+02 3.802246e-01 6.480716e-03 
58 3163  1.142338426522527186e+02 0 0 3.647596e+01 2.177009e+02 3.761918e-01 6.860986e-03 
59 3179  1.142363072458693125e+02 0 0 3.651508e+01 2.176945e+02 3.899861e-01 6.450809e-03 
60 3195  1.142342811446886657e+02 0 0 3.648038e+01 2.177134e+02 3.664768e-01 5.916011e-03 
61 3211  1.142343772018926416e+02 0 0 3.646315e+01 2.176999e+02 3.812442e-01 6.734338e-03 
62 3227  1.142330823736876084e+02 0 0 3.648752e+01 2.176550e+02 3.751162e-01 6.356258e-03 
63 3243  1.142338812332970974e+02 0 0 3.649140e+01 2.176400e+02 3.613467e-01 5.903469e-03 
64 3259  1.142335156770566584e+02 0 0 3.649279e+01 2.176315e+02 3.706770e-01 6.640428e-03 
65 3275  1.142331954511970480e+02 0 0 3.648153e+01 2.176591e+02 3.810722e-01 6.818870e-03 
66 3291  1.142330622629693266e+02 0 0 3.648304e+01 2.176511e+02 3.629004e-01 6.365440e-03 
67 3307  1.142330730585301524e+02 0 0 3.648500e+01 2.176496e+02 3.762719e-01 6.636432e-03 
68 3323  1.142329446192819233e+02 0 0 3.648847e+01 2.176694e+02 3.750623e-01 6.458689e-03 
69 3339  1.142330009485291669e+02 0 0 3.648839e+01 2.176557e+02 3.742762e-01 6.416305e-03 
70 3355  1.142329329828173741e+02 0 0 3.648702e+01 2.176771e+02 3.741631e-01 6.478802e-03 
71 3371  1.142329149532591970e+02 0 0 3.648620e+01 2.176717e+02 3.737900e-01 6.507678e-03 
72 3387  1.142329237972164862e+02 0 0 3.648385e+01 2.176721e+02 3.735052e-01 6.515409e-03 
73 3403  1.142329247146526683e+02 0 0 3.648595e+01 2.176774e+02 3.757219e-01 6.516677e-03 
74 3419  1.142329104574966152e+02 0 0 3.648503e+01 2.176703e+02 3.767723e-01 6.535428e-03 
75 3435  1.142329119427263464e+02 0 0 3.648630e+01 2.176682e+02 3.752187e-01 6.509142e-03 
76 3451  1.142329106320227368e+02 0 0 3.648548e+01 2.176690e+02 3.749689e-01 6.495321e-03 
77 3467  1.142329101091648340e+02 0 0 3.648579e+01 2.176707e+02 3.757961e-01 6.517174e-03 
78 3483  1.142329103592794297e+02 0 0 3.648575e+01 2.176701e+02 3.755332e-01 6.504636e-03 
79 3499  1.142329101904403217e+02 0 0 3.648541e+01 2.176693e+02 3.751489e-01 6.512681e-03 
80 3515  1.142329101630789552e+02 0 0 3.648558e+01 2.176710e+02 3.760713e-01 6.516658e-03 
81 3531  1.142329103148014724e+02 0 0 3.648532e+01 2.176708e+02 3.754904e-01 6.522594e-03 
82 3547  1.142329100410483420e+02 0 0 3.648522e+01 2.176707e+02 3.758987e-01 6.522632e-03 
83 3563  1.142329098809016443e+02 0 0 3.648551e+01 2.176702e+02 3.759857e-01 6.526718e-03 
84 3579  1.142329098553407931e+02 0 0 3.648548e+01 2.176706e+02 3.758053e-01 6.522074e-03 
85 3595  1.142329098059976218e+02 0 0 3.648548e+01 2.176703e+02 3.760642e-01 6.521118e-03 
86 3611  1.142329098185668812e+02 0 0 3.648546e+01 2.176700e+02 3.760103e-01 6.521242e-03 
87 3627  1.142329097983459150e+02 0 0 3.648554e+01 2.176700e+02 3.757686e-01 6.517060e-03 
88 3643  1.142329097871777890e+02 0 0 3.648549e+01 2.176704e+02 3.759173e-01 6.522010e-03 
89 3659  1.142329097836722980e+02 0 0 3.648549e+01 2.176702e+02 3.760565e-01 6.523073e-03 
90 3675  1.142329097818443131e+02 0 0 3.648549e+01 2.176702e+02 3.761045e-01 6.523508e-03 
91 3691  1.142329097810845298e+02 0 0 3.648549e+01 2.176704e+02 3.760801e-01 6.524069e-03 
92 3707  1.142329097829794904e+02 0 0 3.648554e+01 2.176704e+02 3.760166e-01 6.522144e-03 
93 3723  1.142329097815166676e+02 0 0 3.648553e+01 2.176702e+02 3.760474e-01 6.522435e-03 
94 3739  1.142329097790714911e+02 0 0 3.648550e+01 2.176702e+02 3.759779e-01 6.521975e-03 
95 3755  1.142329097788950918e+02 0 0 3.648550e+01 2.176702e+02 3.760262e-01 6.523016e-03 
96 3771  1.142329097785338945e+02 0 0 3.648552e+01 2.176702e+02 3.759820e-01 6.521722e-03 
97 3787  1.142329097781159106e+02 0 0 3.648552e+01 2.176703e+02 3.760543e-01 6.523139e-03 
98 3803  1.142329097781496330e+02 0 0 3.648552e+01 2.176703e+02 3.760330e-01 6.523082e-03 
99 3819  1.142329097780053786e+02 0 0 3.648552e+01 2.176703e+02 3.760398e-01 6.523118e-03 
100 3835  1.142329097779746689e+02 0 0 3.648551e+01 2.176703e+02 3.760188e-01 6.522496e-03 
101 3851  1.142329097779001330e+02 0 0 3.648552e+01 2.176703e+02 3.760076e-01 6.522451e-03 
102 3867  1.142329097779446556e+02 0 0 3.648551e+01 2.176703e+02 3.760035e-01 6.522443e-03 
103 3883  1.142329097779875013e+02 0 0 3.648552e+01 2.176703e+02 3.759935e-01 6.522053e-03 
104 3899  1.142329097778922886e+02 0 0 3.648551e+01 2.176703e+02 3.760063e-01 6.522337e-03 
105 3915  1.142329097778957561e+02 0 0 3.648551e+01 2.176703e+02 3.760068e-01 6.522422e-03 
106 3931  1.142329097778837337e+02 0 0 3.648552e+01 2.176703e+02 3.760211e-01 6.522633e-03 
107 3947  1.142329097778790583e+02 0 0 3.648551e+01 2.176703e+02 3.760036e-01 6.522330e-03 
108 3963  1.142329097778784757e+02 0 0 3.648551e+01 2.176703e+02 3.760108e-01 6.522459e-03 
109 3979  1.142329097778781346e+02 0 0 3.648552e+01 2.176703e+02 3.760122e-01 6.522479e-03 
110 3995  1.142329097778780778e+02 0 0 3.648551e+01 2.176703e+02 3.760163e-01 6.522560e-03 
111 4011  1.142329097778776372e+02 0 0 3.648552e+01 2.176703e+02 3.760116e-01 6.522469e-03 
112 4027  1.142329097778763014e+02 0 0 3.648552e+01 2.176703e+02 3.760127e-01 6.522502e-03 
113 4043  1.142329097778770972e+02 0 0 3.648551e+01 2.176703e+02 3.760129e-01 6.522498e-03 
114 4059  1.142329097778764435e+02 0 0 3.648551e+01 2.176703e+02 3.760116e-01 6.522490e-03 
115 4075  1.142329097778763582e+02 0 0 3.648551e+01 2.176703e+02 3.760104e-01 6.522470e-03 
116 4091  1.142329097778761877e+02 0 0 3.648552e+01 2.176703e+02 3.760103e-01 6.522472e-03 
117 4107  1.142329097778761025e+02 0 0 3.648552e+01 2.176703e+02 3.760131e-01 6.522516e-03 
118 4123  1.142329097778760172e+02 0 0 3.648552e+01 2.176703e+02 3.760143e-01 6.522533e-03 
119 4139  1.142329097778762446e+02 0 0 3.648552e+01 2.176703e+02 3.760113e-01 6.522488e-03 
120 4155  1.142329097778760598e+02 0 0 3.648552e+01 2.176703e+02 3.760114e-01 6.522485e-03 
121 4171  1.142329097778762446e+02 0 0 3.648551e+01 2.176703e+02 3.760148e-01 6.522543e-03 
122 4187  1.142329097778760456e+02 0 0 3.648552e+01 2.176703e+02 3.760119e-01 6.522493e-03 
123 4203  1.142329097778760172e+02 0 0 3.648551e+01 2.176703e+02 3.760142e-01 6.522531e-03 
124 4219  1.142329097778759888e+02 0 0 3.648551e+01 2.176703e+02 3.760127e-01 6.522503e-03 
125 4235  1.142329097778761025e+02 0 0 3.648552e+01 2.176703e+02 3.760112e-01 6.522476e-03 
126 4251  1.142329097778759603e+02 0 0 3.648552e+01 2.176703e+02 3.760112e-01 6.522480e-03 
127 4267  1.142329097778759746e+02 0 0 3.648552e+01 2.176703e+02 3.760127e-01 6.522506e-03 
128 4283  1.142329097778759035e+02 0 0 3.648552e+01 2.176703e+02 3.760122e-01 6.522497e-03 
129 4299  1.142329097778760030e+02 0 0 3.648552e+01 2.176703e+02 3.760141e-01 6.522531e-03 
130 4315  1.142329097778760598e+02 0 0 3.648552e+01 2.176703e+02 3.760121e-01 6.522499e-03 
131 4331  1.142329097778759888e+02 0 0 3.648552e+01 2.176703e+02 3.760136e-01 6.522521e-03 
1 4365  6.421036140677492767e+02 0 0 4.890612e+01 1.783965e+02 6.404106e-01 5.333674e-01 
2 4397  3.131335468805785922e+02 0 0 3.159300e+01 2.294949e+02 4.685461e-01 3.643303e-01 
3 4429  2.111165297395662037e+02 0 0 4.005210e+01 2.177060e+02 5.392705e-01 5.995785e-01 
4 4461  3.355826057689083655e+02 0 0 4.066867e+01 1.891745e+02 9.578534e-01 8.889548e-01 
5 4493  4.774445250896413881e+02 0 0 3.788209e+01 4.500392e+02 1.439089e+00 2.254716e-01 
6 4525  4.986511008258557354e+02 0 0 3.290893e+01 5.446606e+02 9.319143e-01 1.661785e-01 
7 4557  3.647255512613367046e+02 0 0 3.624840e+01 1.912060e+02 6.642888e-01 3.706121e-01 
8 4589  3.612339583991563359e+02 0 0 3.660548e+01 3.084348e+02 4.097606e-01 -2.093019e-01 
9 4621  1.396099369054795716e+02 0 0 3.898550e+01 2.106072e+02 7.134495e-01 9.303891e-02 
10 4653  1.552870858657546194e+02 0 0 3.365472e+01 2.287064e+02 9.678085e-01 -1.792885e-01 
11 4685  1.421299849050110424e+02 0 0 3.647504e+01 2.182300e+02 6.690578e-01 3.413490e-01 
12 4717  1.173495443114236281e+02 0 0 3.672360e+01 2.145078e+02 5.693028e-01 3.591645e-02 
13 4749  1.268606591657730007e+02 0 0 3.477445e+01 2.232242e+02 4.610127e-01 -3.603443e-01 
14 4781  1.423751568676619286e+02 0 0 3.731617e+01 2.283354e+02 4.754720e-01 -2.424099e-01 
15 4813  1.352840825073938902e+02 0 0 3.437470e+01 2.169462e+02 5.791094e-01 1.222374e-01 
16 4845  1.633580702984277480e+02 0 0 3.254083e+01 2.205604e+02 6.066554e-01 9.994340e-02 
17 4877  1.314773311384744545e+02 0 0 3.461480e+01 2.246360e+02 5.402579e-01 -9.114635e-02 
18 4909  1.314313159876120949e+02 0 0 3.688201e+01 2.103687e+02 6.842227e-01 1.306106e-01 
19 4941  1.250023924079226134e+02 0 0 3.755590e+01 2.185000e+02 5.362954e-01 7.651919e-02 
20 4973  1.149630161485071653e+02 0 0 3.635613e+01 2.164498e+02 6.682106e-01 -4.626359e-02 
21 5005  1.264720219693066667e+02 0 0 3.752093e+01 2.135626e+02 5.881945e-01 1.271168e-01 
22 5037  1.213115787782814863e+02 0 0 3.561290e+01 2.143085e+02 5.866164e-01 -8.296080e-02 
23 5069  1.306710716332354139e+02 0 0 3.687500e+01 2.102561e+02 6.216370e-01 9.109945e-02 
24 5101  1.144848739846773924e+02 0 0 3.621211e+01 2.174901e+02 5.842573e-01 1.171695e-02 
25 5133  1.153487303201111729e+02 0 0 3.629391e+01 2.158883e+02 6.392773e-01 1.509639e-02 
26 5165  1.174535192832500456e+02 0 0 3.636893e+01 2.212976e+02 7.849918e-01 1.986427e-03 
27 5197  1.179042925782600975e+02 0 0 3.723823e+01 2.166812e+02 7.383508e-01 6.448626e-02 
28 5229  1.165905901766642216e+02 0 0 3.566127e+01 2.193948e+02 5.489592e-01 -2.049670e-02 
29 5261  1.145594381328018443e+02 0 0 3.677336e+01 2.171522e+02 7.456457e-01 5.025968e-03 
30 5293  1.158429779357487774e+02 0 0 3.641184e+01 2.200816e+02 8.251065e-01 -1.519069e-02 
31 5325  1.146026021954080818e+02 0 0 3.644900e+01 2.166042e+02 7.391026e-01 2.087946e-02 
32 5357  1.142715021851748531e+02 0 0 3.647085e+01 2.173541e+02 6.770967e-01 9.287297e-03 
33 5389  1.142892318532760498e+02 0 0 3.634270e+01 2.178185e+02 8.020593e-01 1.451879e-02 
34 5421  1.142654095653022921e+02 0 0 3.656087e+01 2.173745e+02 6.410716e-01 9.841060e-03 
35 5453  1.142442791567701192e+02 0 0 3.645774e+01 2.178691e+02 6.693281e-01 1.053625e-02 
36 5485  1.142612616706324644e+02 0 0 3.654068e+01 2.173572e+02 6.808188e-01 1.316068e-02 
37 5517  1.142365530978700576e+02 0 0 3.648727e+01 2.177516e+02 7.057162e-01 1.337116e-02 
38 5549  1.142432316897956923e+02 0 0 3.650410e+01 2.174740e+02 6.835599e-01 1.112513e-02 
39 5581  1.142511580978935797e+02 0 0 3.642517e+01 2.179014e+02 6.200360e-01 1.055747e-02 
40 5613  1.142451191937786774e+02 0 0 3.644313e+01 2.176177e+02 6.094910e-01 1.236775e-02 
41 5645  1.142361891697128442e+02 0 0 3.652002e+01 2.176502e+02 6.065086e-01 1.046018e-02 
42 5677  1.142420201939561935e+02 0 0 3.647959e+01 2.178168e+02 6.971297e-01 1.368053e-02 
43 5709  1.142387505130996459e+02 0 0 3.644316e+01 2.177585e+02 6.236313e-01 1.115836e-02 
44 5741  1.142341073986650741e+02 0 0 3.650226e+01 2.176879e+02 6.773422e-01 1.138595e-02 
45 5773  1.142333947877972093e+02 0 0 3.649112e+01 2.177026e+02 6.108081e-01 1.073585e-02 
46 5805  1.142332130523226539e+02 0 0 3.649391e+01 2.176438e+02 6.663626e-01 1.147119e-02 
47 5837  1.142330368948618400e+02 0 0 3.648741e+01 2.176512e+02 6.458084e-01 1.105621e-02 
48 5869  1.142331078596538845e+02 0 0 3.649021e+01 2.176431e+02 6.523935e-01 1.134383e-02 
49 5901  1.142329530591846094e+02 0 0 3.648680e+01 2.176756e+02 6.433104e-01 1.128770e-02 
50 5933  1.142330272763741021e+02 0 0 3.648366e+01 2.176524e+02 6.500194e-01 1.137320e-02 
51 5965  1.142329671351962475e+02 0 0 3.648263e+01 2.176615e+02 6.437509e-01 1.121082e-02 
52 5997  1.142329294774415160e+02 0 0 3.648561e+01 2.176780e+02 6.628254e-01 1.154496e-02 
53 6029  1.142329199653154603e+02 0 0 3.648490e+01 2.176730e+02 6.440454e-01 1.124092e-02 
54 6061  1.142329619282471924e+02 0 0 3.648194e+01 2.176651e+02 6.698253e-01 1.162440e-02 
55 6093  1.142329211821863737e+02 0 0 3.648705e+01 2.176730e+02 6.472635e-01 1.120410e-02 
56 6125  1.142329177436119210e+02 0 0 3.648648e+01 2.176670e+02 6.451367e-01 1.124218e-02 
57 6157  1.142329139346856834e+02 0 0 3.648473e+01 2.176718e+02 6.506987e-01 1.132469e-02 
58 6189  1.142329117171312873e+02 0 0 3.648547e+01 2.176685e+02 6.596244e-01 1.147012e-02 
59 6221  1.142329097941187968e+02 0 0 3.648544e+01 2.176703e+02 6.510467e-01 1.129278e-02 
60 6253  1.142329100651535327e+02 0 0 3.648533e+01 2.176713e+02 6.418265e-01 1.113249e-02 
61 6285  1.142329099215214399e+02 0 0 3.648551e+01 2.176695e+02 6.566128e-01 1.138912e-02 
62 6317  1.142329102894658490e+02 0 0 3.648566e+01 2.176713e+02 6.418328e-01 1.112396e-02 
63 6349  1.142329098897008919e+02 0 0 3.648544e+01 2.176708e+02 6.463711e-01 1.120765e-02 
64 6381  1.142329099011994344e+02 0 0 3.648537e+01 2.176708e+02 6.522893e-01 1.131896e-02 
65 6413  1.142329097946580845e+02 0 0 3.648553e+01 2.176705e+02 6.554170e-01 1.136859e-02 
66 6445  1.142329097825940494e+02 0 0 3.648552e+01 2.176704e+02 6.500963e-01 1.127599e-02 
67 6477  1.142329097820595223e+02 0 0 3.648551e+01 2.176702e+02 6.525380e-01 1.131895e-02 
68 6509  1.142329097903336645e+02 0 0 3.648556e+01 2.176701e+02 6.484952e-01 1.124815e-02 
69 6541  1.142329097831588598e+02 0 0 3.648552e+01 2.176701e+02 6.496348e-01 1.126801e-02 
70 6573  1.142329097800227657e+02 0 0 3.648550e+01 2.176702e+02 6.532105e-01 1.133102e-02 
71 6605  1.142329097790193373e+02 0 0 3.648552e+01 2.176702e+02 6.525970e-01 1.132061e-02 
72 6637  1.142329097781467766e+02 0 0 3.648552e+01 2.176703e+02 6.492765e-01 1.126254e-02 
73 6669  1.142329097781924645e+02 0 0 3.648553e+01 2.176703e+02 6.516858e-01 1.130463e-02 
74 6701  1.142329097779562233e+02 0 0 3.648551e+01 2.176703e+02 6.522528e-01 1.131429e-02 
75 6733  1.142329097779275173e+02 0 0 3.648551e+01 2.176703e+02 6.519797e-01 1.130955e-02 
76 6765  1.142329097779393692e+02 0 0 3.648551e+01 2.176703e+02 6.506009e-01 1.128584e-02 
77 6797  1.142329097779303311e+02 0 0 3.648551e+01 2.176703e+02 6.508355e-01 1.128988e-02 
78 6829  1.142329097778844016e+02 0 0 3.648551e+01 2.176703e+02 6.517731e-01 1.130599e-02 
79 6861  1.142329097778783193e+02 0 0 3.648551e+01 2.176703e+02 6.508864e-01 1.129063e-02 
80 6893  1.142329097778787173e+02 0 0 3.648551e+01 2.176703e+02 6.512587e-01 1.129708e-02 
81 6925  1.142329097778770688e+02 0 0 3.648552e+01 2.176703e+02 6.516907e-01 1.130458e-02 
82 6957  1.142329097778769693e+02 0 0 3.648552e+01 2.176703e+02 6.514257e-01 1.129997e-02 
83 6989  1.142329097778764719e+02 0 0 3.648552e+01 2.176703e+02 6.513428e-01 1.129854e-02 
84 7021  1.142329097778761877e+02 0 0 3.648552e+01 2.176703e+02 6.511582e-01 1.129531e-02 
85 7053  1.142329097778762161e+02 0 0 3.648551e+01 2.176703e+02 6.513265e-01 1.129824e-02 
86 7085  1.142329097778760172e+02 0 0 3.648551e+01 2.176703e+02 6.511389e-01 1.129499e-02 
87 7117  1.142329097778759461e+02 0 0 3.648551e+01 2.176703e+02 6.513690e-01 1.129898e-02 
88 7149  1.142329097778761025e+02 0 0 3.648551e+01 2.176703e+02 6.512956e-01 1.129770e-02 
89 7181  1.142329097778759888e+02 0 0 3.648552e+01 2.176703e+02 6.512596e-01 1.129708e-02 
90 7213  1.142329097778760030e+02 0 0 3.648552e+01 2.176703e+02 6.512800e-01 1.129744e-02 
91 7245  1.142329097778759319e+02 0 0 3.648551e+01 2.176703e+02 6.514279e-01 1.130000e-02 
92 7277  1.142329097778759461e+02 0 0 3.648551e+01 2.176703e+02 6.512686e-01 1.129724e-02 
93 7309  1.142329097778759888e+02 0 0 3.648552e+01 2.176703e+02 6.512548e-01 1.129700e-02 
94 7341  1.142329097778759461e+02 0 0 3.648551e+01 2.176703e+02 6.512924e-01 1.129765e-02 
95 7373  1.142329097778759746e+02 0 0 3.648551e+01 2.176703e+02 6.512935e-01 1.129766e-02 
96 7405  1.142329097778760030e+02 0 0 3.648551e+01 2.176703e+02 6.513998e-01 1.129951e-02 
1 7471  1.951886002906754243e+02 0 0 3.699312e+01 2.014736e+02 1.270338e+00 6.839723e-01 
2 7535  1.539374556204778344e+02 0 0 3.842590e+01 2.101028e+02 8.553181e-01 9.264833e-01 
3 7599  2.431811057435095336e+02 0 0 3.824039e+01 1.962924e+02 8.176222e-01 5.977814e-01 
4 7663  1.561282823797074570e+02 0 0 3.549864e+01 2.188647e+02 8.321974e-01 7.152654e-01 
5 7727  1.388749843016931607e+02 0 0 3.641437e+01 2.178414e+02 5.398625e-01 2.550822e-01 
6 7791  1.609438857417913766e+02 0 0 3.424529e+01 2.126990e+02 3.877504e-01 4.558717e-01 
7 7855  1.351197235583331917e+02 0 0 3.765240e+01 2.087302e+02 3.758478e-01 -2.979056e-01 
8 7919  1.282281508783309221e+02 0 0 3.678302e+01 2.139064e+02 5.191841e-01 1.662360e-01 
9 7983  1.280923125823734381e+02 0 0 3.551525e+01 2.223310e+02 7.223572e-01 8.891908e-02 
10 8047  1.189452022932951536e+02 0 0 3.597008e+01 2.220082e+02 9.362594e-02 -5.018718e-03 
11 8111  1.173818830205004247e+02 0 0 3.549734e+01 2.194911e+02 2.159796e-01 -7.506905e-02 
12 8175  1.190543810144715593e+02 0 0 3.697443e+01 2.140130e+02 5.401897e-01 4.829116e-02 
13 8239  1.154521540897260365e+02 0 0 3.667207e+01 2.194200e+02 6.275198e-01 -6.474362e-02 
14 8303  1.144797229255915596e+02 0 0 3.620298e+01 2.181029e+02 3.421040e-01 7.705740e-03 
15 8367  1.145368936845013792e+02 0 0 3.631349e+01 2.177920e+02 6.380252e-01 -9.517233e-02 
16 8431  1.147483675498702382e+02 0 0 3.679597e+01 2.170618e+02 5.171076e-01 -2.191743e-01 
17 8495  1.146964372682622297e+02 0 0 3.619758e+01 2.181419e+02 7.746659e-01 -1.460968e-02 
18 8559  1.144727763174383881e+02 0 0 3.640964e+01 2.177950e+02 7.591362e-01 -7.807082e-03 
19 8623  1.145081073397351332e+02 0 0 3.637389e+01 2.168815e+02 9.027846e-01 9.442798e-03 
20 8687  1.142725114322862225e+02 0 0 3.653383e+01 2.174814e+02 7.812568e-01 1.885418e-02 
21 8751  1.143312070344531719e+02 0 0 3.659623e+01 2.175811e+02 9.359536e-01 2.575844e-02 
22 8815  1.142674880698512538e+02 0 0 3.654000e+01 2.175808e+02 1.013950e+00 2.378216e-02 
23 8879  1.142411132079225098e+02 0 0 3.643319e+01 2.176878e+02 6.506040e-01 1.071731e-02 
24 8943  1.142448682857920232e+02 0 0 3.643553e+01 2.177234e+02 8.671627e-01 1.265191e-02 
25 9007  1.142448619133568855e+02 0 0 3.643925e+01 2.175594e+02 4.756127e-01 7.995361e-03 
26 9071  1.142405309088150318e+02 0 0 3.653149e+01 2.177134e+02 7.754181e-01 1.372471e-02 
27 9135  1.142343946390524252e+02 0 0 3.646690e+01 2.176577e+02 7.150062e-01 1.292976e-02 
28 9199  1.142333121470806390e+02 0 0 3.648841e+01 2.176309e+02 7.899336e-01 1.390290e-02 
29 9263  1.142334503731812845e+02 0 0 3.649267e+01 2.176992e+02 8.335100e-01 1.412970e-02 
30 9327  1.142330495368515528e+02 0 0 3.648617e+01 2.176632e+02 6.727846e-01 1.138005e-02 
31 9391  1.142329517193129647e+02 0 0 3.648648e+01 2.176796e+02 7.924344e-01 1.362777e-02 
32 9455  1.142329341364481081e+02 0 0 3.648608e+01 2.176753e+02 7.733068e-01 1.329080e-02 
33 9519  1.142329104314800219e+02 0 0 3.648509e+01 2.176710e+02 7.709086e-01 1.338252e-02 
34 9583  1.142329253511363305e+02 0 0 3.648362e+01 2.176762e+02 8.036892e-01 1.390771e-02 
35 9647  1.142329116743530051e+02 0 0 3.648493e+01 2.176727e+02 8.134880e-01 1.410654e-02 
36 9711  1.142329100652242744e+02 0 0 3.648537e+01 2.176697e+02 7.977811e-01 1.382967e-02 
37 9775  1.142329098012793906e+02 0 0 3.648557e+01 2.176703e+02 7.856655e-01 1.362528e-02 
38 9839  1.142329102831287173e+02 0 0 3.648577e+01 2.176712e+02 7.988278e-01 1.385874e-02 
39 9903  1.142329098671477823e+02 0 0 3.648545e+01 2.176699e+02 8.169693e-01 1.416585e-02 
40 9967  1.142329098187326224e+02 0 0 3.648546e+01 2.176700e+02 7.942228e-01 1.377790e-02 
41 10031  1.142329098147019693e+02 0 0 3.648550e+01 2.176699e+02 7.931664e-01 1.375798e-02 
42 10095  1.142329097855649991e+02 0 0 3.648548e+01 2.176702e+02 8.047505e-01 1.395870e-02 
43 10159  1.142329097798308482e+02 0 0 3.648554e+01 2.176702e+02 7.983560e-01 1.384826e-02 
44 10223  1.142329097795909121e+02 0 0 3.648549e+01 2.176703e+02 8.049084e-01 1.396231e-02 
45 10287  1.142329097779969800e+02 0 0 3.648552e+01 2.176703e+02 7.893781e-01 1.369277e-02 
46 10351  1.142329097781890113e+02 0 0 3.648551e+01 2.176703e+02 7.925627e-01 1.374800e-02 
47 10415  1.142329097779487341e+02 0 0 3.648552e+01 2.176703e+02 7.977936e-01 1.383913e-02 
48 10479  1.142329097779853839e+02 0 0 3.648552e+01 2.176703e+02 7.984978e-01 1.385096e-02 
49 10543  1.142329097779143723e+02 0 0 3.648552e+01 2.176703e+02 8.006877e-01 1.388919e-02 
50 10607  1.142329097778951024e+02 0 0 3.648551e+01 2.176703e+02 7.927685e-01 1.375179e-02 
51 10671  1.142329097778810194e+02 0 0 3.648551e+01 2.176703e+02 7.948631e-01 1.378806e-02 
52 10735  1.142329097778780920e+02 0 0 3.648551e+01 2.176703e+02 8.005091e-01 1.388600e-02 
53 10799  1.142329097778774241e+02 0 0 3.648551e+01 2.176703e+02 7.958935e-01 1.380596e-02 
54 10863  1.142329097778772109e+02 0 0 3.648551e+01 2.176703e+02 7.970083e-01 1.382533e-02 
55 10927  1.142329097778762161e+02 0 0 3.648552e+01 2.176703e+02 7.947709e-01 1.378650e-02 
56 10991  1.142329097778759746e+02 0 0 3.648551e+01 2.176703e+02 7.953017e-01 1.379571e-02 
57 11055  1.142329097778759603e+02 0 0 3.648552e+01 2.176703e+02 7.947256e-01 1.378571e-02 
58 11119  1.142329097778759603e+02 0 0 3.648552e+01 2.176703e+02 7.967535e-01 1.382089e-02 
59 11183  1.142329097778759177e+02 0 0 3.648552e+01 2.176703e+02 7.965708e-01 1.381772e-02 
60 11247  1.142329097778758751e+02 0 0 3.648552e+01 2.176703e+02 7.971866e-01 1.382840e-02 
61 11311  1.142329097778759177e+02 0 0 3.648552e+01 2.176703e+02 7.953317e-01 1.379623e-02 
62 11375  1.142329097778758182e+02 0 0 3.648552e+01 2.176703e+02 7.969541e-01 1.382437e-02 
63 11439  1.142329097778758609e+02 0 0 3.648552e+01 2.176703e+02 7.957380e-01 1.380327e-02 
64 11503  1.142329097778759035e+02 0 0 3.648552e+01 2.176703e+02 7.953699e-01 1.379689e-02 
65 11567  1.142329097778758467e+02 0 0 3.648552e+01 2.176703e+02 7.968751e-01 1.382300e-02 
66 11631  1.142329097778758324e+02 0 0 3.648552e+01 2.176703e+02 7.958066e-01 1.380447e-02 
